%YAML:1.0
fingertip: !!opencv-matrix
   rows: 1199
   cols: 1
   dt: "2i"
   data: [ 549, 393, 549, 393, 551, 393, 550, 393, 550, 395, 551, 395,
       551, 395, 551, 397, 551, 399, 552, 399, 552, 401, 552, 403, 552,
       405, 553, 407, 553, 407, 553, 409, 553, 409, 553, 411, 552, 413,
       551, 415, 551, 417, 552, 417, 550, 419, 550, 419, 549, 421, 548,
       421, 546, 423, 547, 423, 545, 423, 545, 423, 545, 423, 545, 421,
       546, 421, 544, 421, 543, 421, 543, 419, 542, 419, 542, 417, 542,
       415, 543, 413, 543, 411, 544, 407, 545, 403, 545, 399, 547, 395,
       547, 391, 549, 388, 548, 383, 550, 377, 550, 373, 551, 367, 551,
       361, 550, 355, 553, 349, 553, 343, 554, 337, 554, 331, 553, 324,
       555, 317, 555, 309, 555, 303, 556, 296, 559, 290, 560, 285, 560,
       281, 559, 277, 559, 273, 557, 269, 557, 265, 556, 262, 554, 259,
       552, 257, 549, 255, 548, 252, 547, 249, 544, 247, 543, 245, 543,
       245, 544, 245, 543, 245, 543, 246, 543, 245, 542, 246, 540, 247,
       539, 249, 537, 251, 535, 253, 530, 259, 529, 265, 526, 269, 525,
       275, 524, 285, 523, 290, 521, 299, 521, 304, 520, 309, 519, 313,
       519, 317, 518, 319, 517, 323, 517, 325, 517, 327, 517, 331, 516,
       333, 516, 335, 516, 337, 514, 341, 513, 343, 514, 347, 513, 351,
       513, 355, 513, 359, 511, 363, 512, 365, 511, 367, 511, 371, 511,
       373, 511, 375, 509, 377, 509, 381, 507, 385, 508, 387, 508, 389,
       506, 391, 505, 393, 505, 395, 504, 399, 504, 401, 503, 403, 503,
       407, 502, 409, 501, 411, 501, 411, 501, 413, 500, 415, 501, 415,
       501, 415, 501, 417, 501, 417, 501, 417, 500, 417, 500, 417, 500,
       417, 500, 417, 48, 0, 1843201, 0, 22585264, 0, 49, 0, 1843201, 0,
       23046072, 0, 50, 0, 1843201, 0, 23506880, 0, 51, 0, 1843201, 0,
       23967688, 0, 52, 0, 1843201, 0, 24428496, 0, 53, 0, 1843201, 0,
       24889304, 0, 54, 0, 1843201, 0, 25350112, 0, 55, 0, 1843201, 0,
       25810920, 0, 56, 0, 1843201, 0, 26271728, 0, 57, 0, 1843201, 0,
       26732536, 0, 58, 0, 1843201, 0, 27193344, 0, 59, 0, 1843201, 0,
       27654152, 0, 60, 0, 1843201, 0, 28114960, 0, 61, 0, 1843201, 0,
       28575768, 0, 62, 0, 1843201, 0, 29036576, 0, 63, 0, 1843201, 0,
       29497384, 0, 64, 0, 1843201, 0, 29958192, 0, 65, 0, 1843201, 0,
       30419000, 0, 66, 0, 1843201, 0, 30879808, 0, 67, 0, 1843201, 0,
       31340616, 0, 68, 0, 1843201, 0, 31801424, 0, 69, 0, 1843201, 0,
       32262232, 0, 70, 0, 1843201, 0, 32723040, 0, 71, 0, 1843201, 0,
       33183848, 0, 72, 0, 1843201, 0, 33644656, 0, 73, 0, 1843201, 0,
       34105464, 0, 74, 0, 1843201, 0, 34566272, 0, 75, 0, 1843201, 0,
       35027080, 0, 76, 0, 1843201, 0, 35487888, 0, 77, 0, 1843201, 0,
       35948696, 0, 78, 0, 1843201, 0, 36409504, 0, 79, 0, 1843201, 0,
       36870312, 0, 80, 0, 1843201, 0, 37331120, 0, 81, 0, 1843201, 0,
       37791928, 0, 82, 0, 1843201, 0, 38252736, 0, 83, 0, 1843201, 0,
       38713544, 0, 84, 0, 1843201, 0, 39174352, 0, 85, 0, 1843201, 0,
       39635160, 0, 86, 0, 1843201, 0, 40095968, 0, 87, 0, 1843201, 0,
       40556776, 0, 88, 0, 1843201, 0, 41017584, 0, 89, 0, 1843201, 0,
       41478392, 0, 90, 0, 1843201, 0, 41939200, 0, 91, 0, 1843201, 0,
       42400008, 0, 92, 0, 1843201, 0, 42860816, 0, 93, 0, 1843201, 0,
       43321624, 0, 94, 0, 1843201, 0, 43782432, 0, 95, 0, 1843201, 0,
       44243240, 0, 96, 0, 1843201, 0, 44704048, 0, 97, 0, 1843201, 0,
       45164856, 0, 98, 0, 1843201, 0, 45625664, 0, 99, 0, 1843201, 0,
       46086472, 0, 100, 0, 1843201, 0, 46547280, 0, 101, 0, 1843201, 0,
       47008088, 0, 102, 0, 1843201, 0, 47468896, 0, 103, 0, 1843201, 0,
       47929704, 0, 104, 0, 1843201, 0, 48390512, 0, 105, 0, 1843201, 0,
       48851320, 0, 106, 0, 1843201, 0, 49312128, 0, 107, 0, 1843201, 0,
       49772936, 0, 108, 0, 1843201, 0, 50233744, 0, 109, 0, 1843201, 0,
       50694552, 0, 110, 0, 1843201, 0, 51155360, 0, 111, 0, 1843201, 0,
       51616168, 0, 112, 0, 1843201, 0, 52076976, 0, 113, 0, 1843201, 0,
       52537784, 0, 114, 0, 1843201, 0, 52998592, 0, 115, 0, 1843201, 0,
       53459400, 0, 116, 0, 1843201, 0, 53920208, 0, 117, 0, 1843201, 0,
       54381016, 0, 118, 0, 1843201, 0, 54841824, 0, 119, 0, 1843201, 0,
       55302632, 0, 120, 0, 1843201, 0, 55763440, 0, 121, 0, 1843201, 0,
       56224248, 0, 122, 0, 1843201, 0, 56685056, 0, 123, 0, 1843201, 0,
       57145864, 0, 124, 0, 1843201, 0, 57606672, 0, 125, 0, 1843201, 0,
       58067480, 0, 126, 0, 1843201, 0, 58528288, 0, 127, 0, 1843201, 0,
       58989096, 0, 128, 0, 1843201, 0, 59449904, 0, 129, 0, 1843201, 0,
       59910712, 0, 130, 0, 1843201, 0, 60371520, 0, 131, 0, 1843201, 0,
       60832328, 0, 132, 0, 1843201, 0, 61293136, 0, 133, 0, 1843201, 0,
       61753944, 0, 134, 0, 1843201, 0, 62214752, 0, 135, 0, 1843201, 0,
       62675560, 0, 136, 0, 1843201, 0, 63136368, 0, 137, 0, 1843201, 0,
       63597176, 0, 138, 0, 1843201, 0, 64057984, 0, 139, 0, 1843201, 0,
       64518792, 0, 140, 0, 1843201, 0, 64979600, 0, 141, 0, 1843201, 0,
       65440408, 0, 142, 0, 1843201, 0, 65901216, 0, 143, 0, 1843201, 0,
       66362024, 0, 144, 0, 1843201, 0, 66822832, 0, 145, 0, 1843201, 0,
       67283640, 0, 146, 0, 1843201, 0, 67744448, 0, 147, 0, 1843201, 0,
       68205256, 0, 148, 0, 1843201, 0, 68666064, 0, 149, 0, 1843201, 0,
       69126872, 0, 150, 0, 1843201, 0, 69587680, 0, 151, 0, 1843201, 0,
       70048488, 0, 152, 0, 1843201, 0, 70509296, 0, 153, 0, 1843201, 0,
       70970104, 0, 154, 0, 1843201, 0, 71430912, 0, 155, 0, 1843201, 0,
       71891720, 0, 156, 0, 1843201, 0, 72352528, 0, 157, 0, 1843201, 0,
       72813336, 0, 158, 0, 1843201, 0, 73274144, 0, 159, 0, 1843201, 0,
       73734952, 0, 160, 0, 1843201, 0, 74195760, 0, 161, 0, 1843201, 0,
       74656568, 0, 162, 0, 1843201, 0, 75117376, 0, 163, 0, 1843201, 0,
       75578184, 0, 164, 0, 1843201, 0, 76038992, 0, 165, 0, 1843201, 0,
       76499800, 0, 166, 0, 1843201, 0, 76960608, 0, 167, 0, 1843201, 0,
       77421416, 0, 168, 0, 1843201, 0, 77882224, 0, 169, 0, 1843201, 0,
       78343032, 0, 170, 0, 1843201, 0, 78803840, 0, 171, 0, 1843201, 0,
       79264648, 0, 172, 0, 1843201, 0, 79725456, 0, 173, 0, 1843201, 0,
       80186264, 0, 174, 0, 1843201, 0, 80647072, 0, 175, 0, 1843201, 0,
       81107880, 0, 176, 0, 1843201, 0, 81568688, 0, 177, 0, 1843201, 0,
       82029496, 0, 178, 0, 1843201, 0, 82490304, 0, 179, 0, 1843201, 0,
       82951112, 0, 180, 0, 1843201, 0, 83411920, 0, 181, 0, 1843201, 0,
       83872728, 0, 182, 0, 1843201, 0, 84333536, 0, 183, 0, 1843201, 0,
       84794344, 0, 184, 0, 1843201, 0, 85255152, 0, 185, 0, 1843201, 0,
       85715960, 0, 186, 0, 1843201, 0, 86176768, 0, 187, 0, 1843201, 0,
       86637576, 0, 188, 0, 1843201, 0, 87098384, 0, 189, 0, 1843201, 0,
       87559192, 0, 190, 0, 1843201, 0, 88020000, 0, 191, 0, 1843201, 0,
       88480808, 0, 192, 0, 1843201, 0, 88941616, 0, 193, 0, 1843201, 0,
       89402424, 0, 194, 0, 1843201, 0, 89863232, 0, 195, 0, 1843201, 0,
       90324040, 0, 196, 0, 1843201, 0, 90784848, 0, 197, 0, 1843201, 0,
       91245656, 0, 198, 0, 1843201, 0, 91706464, 0, 199, 0, 1843201, 0,
       92167272, 0, 200, 0, 1843201, 0, 92628080, 0, 201, 0, 1843201, 0,
       93088888, 0, 202, 0, 1843201, 0, 93549696, 0, 203, 0, 1843201, 0,
       94010504, 0, 204, 0, 1843201, 0, 94471312, 0, 205, 0, 1843201, 0,
       94932120, 0, 206, 0, 1843201, 0, 95392928, 0, 207, 0, 1843201, 0,
       95853736, 0, 208, 0, 1843201, 0, 96314544, 0, 209, 0, 1843201, 0,
       96775352, 0, 210, 0, 1843201, 0, 97236160, 0, 211, 0, 1843201, 0,
       97696968, 0, 212, 0, 1843201, 0, 98157776, 0, 213, 0, 1843201, 0,
       98618584, 0, 214, 0, 1843201, 0, 99079392, 0, 215, 0, 1843201, 0,
       99540200, 0, 216, 0, 1843201, 0, 100001008, 0, 217, 0, 1843201, 0,
       100461816, 0, 218, 0, 1843201, 0, 100922624, 0, 219, 0, 1843201,
       0, 101383432, 0, 220, 0, 1843201, 0, 101844240, 0, 221, 0,
