%YAML:1.0
fingertip: !!opencv-matrix
   rows: 1091
   cols: 1
   dt: "2i"
   data: [ 461, 367, 461, 359, 463, 365, 461, 367, 462, 351, 463, 365,
       461, 367, 462, 349, 463, 365, 464, 349, 463, 365, 464, 353, 459,
       353, 460, 349, 463, 365, 467, 361, 459, 351, 463, 365, 461, 367,
       461, 367, 461, 367, 463, 349, 461, 367, 465, 363, 463, 365, 463,
       365, 465, 363, 463, 351, 461, 351, 463, 363, 463, 363, 465, 361,
       464, 363, 465, 361, 464, 361, 465, 361, 463, 361, 463, 361, 464,
       361, 461, 361, 462, 361, 461, 361, 463, 353, 461, 359, 460, 359,
       460, 353, 457, 359, 457, 359, 461, 357, 460, 357, 457, 359, 453,
       345, 459, 357, 460, 357, 459, 357, 457, 357, 459, 357, 457, 357,
       458, 353, 457, 357, 455, 355, 456, 355, 453, 355, 453, 351, 453,
       355, 453, 353, 452, 353, 451, 353, 451, 353, 451, 351, 450, 339,
       453, 339, 451, 351, 451, 349, 450, 351, 451, 343, 449, 349, 451,
       339, 449, 351, 449, 349, 449, 349, 449, 349, 448, 349, 448, 349,
       447, 349, 449, 345, 443, 337, 446, 347, 445, 347, 446, 333, 444,
       345, 443, 345, 443, 343, 443, 335, 443, 343, 441, 343, 441, 341,
       442, 341, 441, 341, 441, 339, 440, 339, 439, 337, 439, 339, 439,
       337, 439, 337, 440, 335, 438, 335, 438, 335, 437, 335, 437, 335,
       435, 333, 435, 335, 434, 333, 431, 333, 430, 333, 427, 333, 424,
       333, 422, 333, 423, 333, 421, 333, 422, 331, 419, 333, 419, 331,
       418, 331, 418, 329, 419, 329, 419, 329, 415, 327, 414, 325, 414,
       325, 415, 325, 415, 323, 414, 321, 414, 321, 413, 319, 410, 319,
       410, 317, 410, 315, 411, 313, 410, 311, 408, 311, 407, 311, 405,
       309, 405, 307, 406, 307, 405, 307, 403, 305, 404, 303, 403, 301,
       403, 301, 402, 301, 402, 301, 404, 299, 403, 299, 403, 299, 403,
       297, 402, 297, 401, 295, 400, 293, 398, 293, 397, 291, 396, 289,
       394, 289, 394, 287, 394, 283, 393, 283, 391, 281, 391, 281, 391,
       281, 390, 281, 389, 279, 388, 279, 386, 279, 385, 279, 385, 277,
       384, 277, 382, 277, 381, 275, 380, 275, 378, 275, 377, 273, 373,
       271, 373, 271, 369, 271, 369, 269, 367, 271, 367, 269, 367, 269,
       367, 265, 365, 267, 365, 265, 363, 265, 362, 263, 361, 263, 359,
       263, 357, 263, 356, 263, 356, 261, 355, 261, 353, 261, 353, 259,
       352, 257, 351, 257, 349, 257, 347, 257, 346, 257, 346, 255, 346,
       255, 345, 255, 345, 255, 344, 255, 345, 253, 342, 253, 343, 251,
       342, 251, 341, 249, 339, 249, 338, 245, 336, 243, 334, 241, 331,
       241, 331, 239, 330, 237, 329, 235, 327, 233, 325, 233, 325, 231,
       321, 229, 318, 225, 314, 225, 313, 219, 313, 217, 311, 217, 310,
       215, 310, 213, 308, 213, 305, 211, 304, 209, 303, 207, 303, 205,
       301, 203, 300, 201, 300, 201, 297, 199, 296, 197, 295, 195, 292,
       193, 289, 193, 287, 191, 286, 189, 283, 187, 281, 187, 279, 183,
       275, 183, 273, 179, 273, 177, 272, 175, 271, 173, 270, 171, 269,
       169, 269, 167, 267, 167, 265, 165, 264, 163, 262, 161, 261, 159,
       258, 157, 256, 155, 255, 153, 254, 153, 245, 151, 244, 149, 245,
       151, 243, 151, 241, 151, 240, 153, 242, 153, 242, 153, 242, 153,
       241, 155, 239, 155, 239, 155, 238, 155, 237, 155, 235, 155, 236,
       151, 232, 151, 230, 149, 226, 147, 226, 143, 221, 145, 222, 143,
       221, 143, 223, 145, 221, 147, 220, 147, 219, 147, 217, 147, 217,
       147, 218, 145, 220, 145, 220, 145, 218, 145, 218, 143, 217, 143,
       217, 143, 218, 143, 216, 147, 215, 149, 216, 151, 219, 153, 218,
       155, 217, 157, 216, 159, 215, 161, 217, 161, 219, 165, 219, 165,
       217, 167, 216, 169, 216, 169, 215, 173, 218, 173, 218, 175, 218,
       177, 218, 179, 218, 179, 218, 181, 220, 181, 219, 183, 217, 185,
       215, 185, 212, 187, 210, 189, 207, 189, 207, 191, 210, 193, 210,
       193, 213, 193, 213, 195, 216, 197, 217, 197, 217, 199, 217, 199,
       218, 199, 218, 201, 220, 203, 221, 203, 222, 203, 223, 205, 226,
       207, 223, 209, 225, 211, 225, 211, 227, 213, 226, 215, 227, 215,
       231, 219, 228, 221, 227, 225, 227, 229, 227, 231, 232, 237, 235,
       243, 234, 245, 234, 247, 238, 253, 238, 253, 237, 255, 240, 255,
       239, 257, 240, 259, 241, 261, 242, 261, 242, 263, 245, 263, 245,
       265, 246, 265, 246, 267, 248, 267, 247, 269, 248, 271, 249, 271,
       248, 271, 250, 271, 248, 273, 251, 273, 252, 273, 252, 275, 252,
       275, 252, 275, 252, 277, 252, 277, 254, 277, 255, 279, 255, 281,
       257, 281, 257, 281, 258, 283, 260, 285, 258, 285, 258, 285, 258,
       287, 257, 289, 257, 289, 260, 291, 258, 291, 257, 293, 256, 293,
       260, 295, 258, 295, 258, 297, 258, 297, 255, 299, 257, 301, 257,
       301, 256, 303, 258, 303, 256, 305, 257, 309, 257, 311, 255, 313,
       257, 313, 256, 315, 256, 317, 257, 319, 257, 321, 257, 321, 257,
       323, 258, 323, 257, 325, 257, 327, 257, 329, 257, 329, 259, 329,
       259, 329, 259, 331, 261, 331, 260, 333, 263, 333, 264, 335, 265,
       337, 267, 341, 267, 343, 267, 343, 268, 345, 267, 347, 267, 349,
       267, 351, 267, 353, 267, 353, 268, 353, 268, 355, 267, 357, 267,
       357, 268, 357, 267, 359, 267, 359, 267, 359, 263, 345, 267, 361,
       261, 345, 264, 361, 265, 361, 265, 361, 265, 363, 267, 347, 266,
       363, 266, 363, 268, 363, 267, 365, 267, 367, 268, 365, 266, 367,
       267, 367, 266, 367, 268, 351, 266, 367, 266, 367, 266, 367, 269,
       365, 266, 367, 265, 367, 265, 367, 265, 367, 265, 367, 266, 367,
       265, 367, 265, 367, 263, 351, 265, 367, 265, 365, 265, 365, 264,
       363, 265, 363, 265, 363, 264, 345, 265, 363, 266, 361, 265, 361,
       267, 361, 267, 363, 268, 361, 269, 361, 269, 361, 269, 361, 269,
       361, 269, 361, 269, 361, 270, 359, 271, 361, 271, 359, 272, 359,
       273, 359, 274, 357, 274, 357, 273, 355, 272, 355, 273, 353, 272,
       353, 273, 353, 274, 351, 274, 351, 275, 351, 275, 351, 279, 349,
       281, 349, 281, 349, 283, 349, 284, 347, 283, 347, 284, 347, 284,
       347, 284, 345, 285, 345, 286, 345, 285, 343, 288, 343, 289, 341,
       290, 341, 290, 341, 292, 341, 292, 339, 293, 339, 293, 333, 293,
       333, 295, 331, 295, 331, 297, 329, 298, 327, 300, 325, 301, 325,
       302, 323, 304, 323, 305, 323, 306, 321, 307, 321, 308, 319, 308,
       319, 309, 319, 310, 317, 311, 317, 311, 317, 312, 315, 315, 315,
       316, 313, 318, 311, 320, 311, 321, 309, 323, 307, 324, 307, 326,
       307, 327, 307, 325, 305, 327, 305, 328, 303, 329, 303, 336, 299,
       336, 297, 339, 297, 341, 295, 342, 293, 343, 291, 345, 291, 345,
       289, 348, 287, 348, 285, 350, 283, 351, 283, 352, 279, 354, 279,
       354, 277, 355, 277, 355, 275, 357, 275, 360, 273, 362, 273, 362,
       273, 364, 273, 365, 273, 368, 269, 369, 269, 371, 265, 375, 263,
       378, 261, 379, 261, 381, 259, 382, 257, 385, 253, 387, 253, 390,
       249, 392, 249, 395, 249, 398, 247, 404, 247, 408, 247, 411, 249,
       415, 247, 417, 247, 419, 247, 422, 245, 426, 241, 429, 241, 432,
       239, 433, 239, 437, 237, 440, 235, 443, 233, 447, 231, 449, 231,
       450, 231, 451, 231, 455, 229, 454, 229, 457, 227, 457, 229, 461,
       227, 462, 227, 465, 225, 468, 225, 468, 225, 469, 225, 471, 225,
       472, 223, 475, 221, 476, 221, 478, 219, 480, 219, 485, 217, 488,
       217, 491, 217, 495, 217, 496, 217, 498, 217, 500, 217, 500, 217,
       501, 217, 501, 217, 501, 215, 499, 215, 499, 217, 499, 215, 497,
       217, 497, 217, 495, 217, 493, 217, 493, 215, 493, 217, 492, 215,
       492, 215, 492, 215, 493, 215, 493, 215, 492, 213, 491, 213, 490,
       213, 489, 213, 488, 213, 486, 213, 485, 213, 483, 213, 483, 213,
       483, 213, 479, 213, 479, 213, 479, 213, 476, 213, 477, 213, 475,
       215, 474, 215, 472, 215, 470, 215, 466, 217, 466, 217, 465, 217,
       462, 217, 461, 217, 459, 219, 459, 219, 456, 219, 457, 219, 455,
       221, 453, 221, 451, 221, 449, 221, 447, 221, 445, 221, 446, 219,
       443, 221, 440, 219, 438, 219, 437, 219, 434, 219, 433, 217, 429,
