%YAML:1.0
fingertip: !!opencv-matrix
   rows: 808
   cols: 1
   dt: "2i"
   data: [ 460, 369, 460, 369, 462, 369, 460, 369, 460, 369, 460, 369,
       460, 369, 460, 369, 455, 368, 455, 368, 459, 368, 454, 368, 449,
       368, 449, 368, 449, 368, 457, 367, 449, 368, 458, 367, 454, 367,
       450, 368, 456, 367, 457, 367, 454, 367, 453, 367, 453, 367, 459,
       367, 461, 366, 455, 367, 455, 363, 456, 363, 456, 363, 456, 363,
       457, 363, 456, 363, 456, 363, 455, 363, 455, 361, 453, 361, 453,
       361, 454, 359, 454, 359, 453, 359, 453, 359, 451, 359, 452, 357,
       452, 357, 451, 357, 450, 357, 449, 355, 448, 355, 447, 355, 446,
       353, 446, 353, 445, 353, 445, 353, 443, 351, 444, 351, 443, 351,
       443, 351, 443, 349, 443, 349, 443, 349, 442, 349, 442, 347, 441,
       347, 441, 345, 441, 345, 441, 345, 441, 343, 441, 341, 440, 339,
       441, 339, 441, 337, 441, 335, 441, 333, 441, 333, 441, 331, 440,
       329, 440, 327, 439, 325, 437, 323, 435, 321, 434, 319, 432, 317,
       431, 315, 431, 312, 431, 310, 431, 308, 431, 306, 430, 305, 429,
       303, 428, 301, 428, 301, 429, 299, 427, 299, 424, 297, 422, 297,
       420, 297, 419, 295, 418, 295, 417, 293, 416, 293, 413, 293, 411,
       293, 409, 292, 408, 291, 406, 291, 403, 291, 402, 291, 400, 290,
       399, 290, 396, 289, 394, 289, 392, 288, 390, 287, 388, 285, 386,
       283, 385, 281, 383, 280, 378, 277, 377, 275, 375, 273, 371, 271,
       369, 271, 367, 269, 364, 269, 362, 269, 360, 268, 359, 268, 357,
       268, 355, 267, 354, 267, 351, 265, 348, 265, 345, 263, 343, 263,
       342, 261, 341, 260, 338, 259, 337, 258, 333, 257, 332, 256, 331,
       255, 330, 253, 329, 252, 325, 251, 322, 249, 317, 247, 314, 247,
       313, 245, 310, 245, 307, 245, 304, 243, 298, 243, 294, 243, 290,
       243, 287, 243, 284, 245, 280, 245, 275, 243, 272, 241, 269, 240,
       266, 237, 265, 235, 261, 231, 259, 229, 256, 225, 254, 221, 253,
       219, 251, 216, 249, 213, 246, 211, 243, 208, 238, 205, 236, 203,
       232, 201, 229, 201, 227, 201, 226, 201, 222, 199, 221, 201, 219,
       201, 218, 199, 216, 199, 215, 199, 213, 199, 212, 201, 210, 201,
       210, 203, 209, 203, 208, 205, 207, 205, 206, 207, 206, 209, 205,
       209, 205, 209, 207, 211, 209, 211, 210, 211, 210, 211, 210, 211,
       212, 213, 212, 213, 213, 213, 212, 213, 207, 209, 208, 211, 210,
       213, 213, 215, 214, 217, 214, 219, 213, 221, 213, 221, 213, 221,
       214, 221, 214, 221, 214, 223, 217, 225, 217, 225, 216, 228, 217,
       229, 217, 231, 217, 233, 217, 235, 218, 236, 217, 237, 217, 239,
       217, 239, 217, 241, 219, 242, 218, 243, 218, 245, 220, 245, 219,
       247, 220, 248, 221, 249, 223, 251, 223, 251, 224, 253, 224, 253,
       226, 255, 227, 257, 228, 259, 227, 259, 228, 261, 228, 263, 227,
       263, 228, 265, 228, 267, 227, 269, 228, 269, 229, 270, 228, 271,
       228, 271, 228, 271, 229, 273, 229, 273, 230, 273, 229, 275, 229,
       275, 229, 277, 229, 279, 229, 279, 229, 281, 228, 283, 228, 287,
       229, 289, 231, 291, 231, 291, 231, 293, 231, 295, 232, 297, 232,
       297, 233, 299, 234, 299, 234, 301, 235, 303, 236, 303, 237, 305,
       239, 307, 240, 309, 237, 312, 239, 313, 239, 315, 240, 317, 241,
       319, 241, 321, 241, 323, 242, 325, 244, 326, 244, 328, 245, 330,
       246, 331, 246, 333, 248, 333, 247, 334, 247, 335, 248, 335, 249,
       336, 249, 337, 249, 337, 249, 339, 249, 339, 250, 341, 251, 341,
       253, 341, 252, 343, 253, 345, 252, 347, 252, 349, 253, 351, 254,
       353, 255, 355, 256, 355, 256, 357, 257, 359, 257, 359, 257, 361,
       256, 361, 256, 363, 256, 363, 257, 365, 256, 365, 256, 365, 256,
       365, 256, 365, 255, 365, 255, 365, 255, 365, 256, 367, 255, 367,
       255, 367, 257, 369, 256, 369, 255, 369, 255, 369, 255, 369, 255,
       369, 255, 369, 254, 369, 255, 371, 255, 371, 254, 369, 255, 371,
       255, 371, 255, 371, 254, 369, 254, 369, 255, 369, 255, 369, 255,
       369, 255, 369, 256, 369, 256, 369, 257, 369, 256, 369, 255, 367,
       256, 367, 257, 367, 257, 367, 259, 367, 258, 365, 260, 365, 260,
       365, 261, 365, 261, 365, 261, 363, 261, 361, 262, 360, 263, 359,
       265, 358, 264, 357, 265, 357, 265, 357, 267, 356, 268, 355, 269,
       355, 271, 354, 272, 353, 274, 352, 276, 351, 277, 349, 279, 348,
       280, 347, 282, 345, 283, 344, 284, 343, 286, 341, 287, 340, 289,
       339, 291, 335, 293, 335, 294, 333, 295, 331, 297, 329, 298, 327,
       299, 325, 300, 323, 301, 321, 302, 319, 303, 319, 304, 317, 306,
       315, 308, 315, 311, 313, 312, 313, 315, 311, 317, 311, 320, 309,
       321, 307, 324, 307, 326, 305, 327, 305, 329, 303, 331, 303, 331,
       301, 333, 299, 335, 297, 337, 297, 338, 297, 340, 297, 340, 295,
       343, 295, 344, 295, 346, 295, 347, 293, 349, 293, 350, 293, 353,
       291, 354, 291, 357, 291, 359, 291, 360, 289, 363, 289, 364, 289,
       367, 289, 369, 289, 371, 287, 373, 287, 376, 286, 378, 285, 381,
       284, 382, 283, 384, 283, 385, 281, 387, 281, 389, 279, 391, 279,
       394, 277, 396, 277, 399, 275, 402, 275, 405, 274, 407, 273, 410,
       273, 413, 273, 414, 271, 415, 271, 418, 271, 421, 269, 423, 269,
       424, 267, 428, 267, 430, 265, 434, 265, 438, 265, 442, 264, 444,
       265, 446, 263, 448, 263, 451, 263, 455, 263, 457, 261, 460, 259,
       463, 259, 466, 257, 468, 255, 471, 255, 475, 253, 478, 253, 483,
       253, 485, 251, 489, 251, 491, 249, 496, 249, 502, 246, 505, 245,
       507, 244, 507, 243, 509, 241, 510, 241, 511, 239, 513, 239, 513,
       239, 513, 239, 513, 239, 511, 239, 509, 239, 507, 238, 504, 237,
       503, 236, 502, 235, 500, 235, 499, 235, 497, 235, 496, 235, 494,
       235, 492, 235, 489, 235, 486, 235, 485, 235, 482, 235, 478, 235,
       475, 235, 471, 235, 467, 235, 464, 235, 459, 237, 457, 237, 452,
       237, 450, 237, 446, 237, 442, 239, 439, 239, 434, 240, 428, 241,
       424, 241, 419, 241, 416, 242, 412, 242, 409, 243, 407, 243, 405,
       242, 399, 243, 395, 243, 392, 243, 387, 243, 384, 243, 382, 243,
       378, 245, 376, 245, 372, 245, 368, 245, 365, 247, 361, 247, 358,
       248, 354, 248, 351, 247, 348, 247, 345, 247, 342, 247, 338, 247,
       334, 247, 330, 245, 324, 245, 319, 245, 313, 247, 310, 247, 306,
       247, 302, 247, 299, 247, 297, 249, 294, 249, 291, 249, 288, 249,
       285, 251, 281, 251, 277, 251, 274, 251, 270, 251, 266, 251, 261,
       251, 259, 251, 254, 251, 250, 251, 245, 251, 240, 249, 233, 249,
       227, 249, 211, 249, 192, 247, 176, 245, 159, 245, 156, 245, 153,
       246, 150, 246, 148, 247, 145, 247, 142, 247, 140, 248, 137, 249,
       135, 249, 134, 249, 132, 250, 130, 250, 128, 250, 125, 251, 124,
       251, 123, 252, 121, 253, 121, 255, 120, 255, 121, 256, 119, 257,
       119, 257, 118, 257, 117, 255, 113, 255, 111, 257, 110, 257, 109,
       259, 109, 259, 108, 259, 108, 259, 108, 259, 109, 261, 109, 261,
       109, 259, 108, 259, 109, 261, 109, 261, 110, 261, 111, 263, 112,
       263, 113, 263, 113, 263, 113, 263, 111, 265, 112, 265, 112, 266,
       116, 267, 114, 267, 115, 268, 115, 268, 115, 268, 116, 269, 119,
       271, 121, 271, 120, 273, 124, 273, 125, 275, 127, 275, 130, 277,
       132, 277, 133, 279, 134, 279, 137, 279, 138, 279, 140, 279, 143,
       281, 144, 281, 146, 283, 149, 285, 154, 287, 156, 287, 158, 287,
       159, 287, 160, 287, 161, 287, 163, 287, 164, 287, 166, 287, 169,
       289, 172, 289, 176, 291, 179, 291, 183, 293, 185, 293, 188, 295,
       191, 296, 192, 297, 194, 297, 196, 297, 198, 298, 200, 298, 203,
       298, 205, 298, 208, 298, 210, 298, 213, 298, 214, 298, 217, 298,
       222, 299, 222, 299, 223, 297, 225, 297, 227, 297, 230, 297, 233,
       297, 235, 297, 238, 297, 241, 297, 244, 299, 247, 299, 252, 299,
       256, 299, 261, 301, 263, 301, 266, 303, 271, 304, 272, 305, 275,
       305, 278, 305, 280, 305, 281, 305, 284, 305, 286, 305, 287, 307,
       290, 307, 291, 307, 294, 309, 297, 309, 299, 311, 302, 311, 305,
