%YAML:1.0
fingertip: !!opencv-matrix
   rows: 687
   cols: 1
   dt: "2i"
   data: [ 605, 259, 605, 259, 605, 259, 605, 259, 605, 259, 605, 257,
       605, 259, 605, 259, 605, 257, 605, 257, 605, 259, 605, 259, 605,
       257, 605, 259, 605, 259, 605, 259, 605, 257, 605, 259, 605, 259,
       605, 257, 605, 259, 605, 259, 605, 259, 605, 259, 605, 259, 605,
       259, 605, 259, 605, 259, 605, 257, 605, 257, 605, 259, 570, 259,
       534, 261, 532, 262, 532, 263, 531, 265, 533, 266, 532, 267, 532,
       269, 532, 271, 532, 273, 530, 275, 529, 277, 528, 279, 528, 281,
       528, 283, 527, 285, 527, 286, 527, 287, 525, 289, 528, 291, 529,
       292, 526, 293, 525, 295, 522, 297, 521, 298, 522, 299, 520, 300,
       521, 301, 519, 302, 519, 303, 519, 303, 519, 303, 517, 304, 517,
       304, 517, 305, 517, 305, 517, 305, 518, 305, 518, 305, 518, 305,
       517, 305, 518, 305, 517, 305, 515, 306, 516, 305, 515, 306, 515,
       306, 516, 305, 517, 305, 517, 305, 517, 305, 517, 305, 517, 305,
       517, 305, 517, 304, 518, 304, 519, 304, 521, 303, 520, 303, 520,
       303, 519, 303, 520, 302, 521, 301, 522, 301, 522, 301, 521, 300,
       524, 299, 524, 299, 526, 297, 527, 297, 527, 295, 527, 295, 527,
       295, 505, 294, 529, 294, 530, 293, 514, 290, 533, 289, 534, 287,
       534, 286, 535, 285, 536, 284, 536, 283, 537, 282, 539, 281, 540,
       280, 542, 279, 541, 279, 542, 278, 543, 277, 543, 276, 544, 275,
       546, 273, 545, 272, 546, 271, 546, 269, 546, 269, 545, 268, 545,
       267, 544, 265, 542, 265, 542, 263, 540, 262, 540, 261, 536, 259,
       605, 259, 605, 257, 605, 259, 605, 257, 604, 255, 605, 259, 605,
       257, 604, 255, 605, 257, 604, 255, 605, 257, 605, 257, 604, 255,
       605, 257, 605, 259, 605, 257, 605, 257, 604, 255, 605, 259, 605,
       255, 605, 257, 605, 257, 605, 257, 605, 259, 604, 255, 605, 259,
       605, 257, 605, 257, 532, 257, 464, 259, 462, 259, 456, 265, 457,
       267, 459, 269, 459, 271, 460, 273, 460, 275, 459, 278, 458, 281,
       458, 285, 458, 287, 479, 289, 462, 291, 461, 292, 463, 293, 465,
       294, 464, 295, 464, 297, 461, 297, 457, 299, 458, 299, 457, 299,
       456, 301, 455, 301, 454, 303, 453, 305, 451, 307, 449, 307, 448,
       309, 447, 309, 446, 311, 446, 311, 446, 313, 443, 315, 443, 317,
       443, 319, 442, 319, 443, 321, 444, 322, 443, 323, 444, 325, 444,
       325, 446, 327, 445, 327, 445, 327, 444, 328, 444, 329, 441, 330,
       440, 331, 437, 332, 436, 333, 432, 334, 428, 335, 426, 335, 423,
       336, 420, 337, 416, 337, 414, 337, 412, 337, 410, 337, 409, 337,
       403, 335, 367, 335, 394, 335, 391, 333, 389, 333, 389, 333, 389,
       331, 387, 331, 386, 329, 385, 329, 385, 327, 384, 325, 383, 325,
       380, 323, 379, 321, 376, 321, 377, 319, 375, 317, 375, 313, 378,
       309, 379, 305, 380, 303, 382, 299, 382, 297, 384, 293, 385, 291,
       389, 287, 393, 283, 394, 279, 398, 277, 403, 275, 407, 273, 412,
       271, 415, 269, 418, 267, 421, 263, 428, 261, 518, 259, 437, 257,
       605, 257, 605, 257, 605, 257, 605, 257, 532, 257, 465, 259, 465,
       259, 467, 259, 469, 261, 471, 261, 473, 263, 474, 265, 476, 267,
       473, 269, 471, 271, 471, 273, 468, 277, 466, 279, 464, 281, 462,
       283, 463, 284, 485, 286, 459, 289, 458, 291, 456, 295, 455, 297,
       455, 299, 451, 301, 449, 303, 447, 305, 447, 305, 443, 309, 441,
       312, 440, 313, 439, 315, 438, 317, 435, 318, 433, 319, 430, 320,
       427, 321, 426, 321, 422, 322, 419, 323, 417, 323, 414, 324, 410,
       325, 409, 325, 407, 325, 406, 325, 406, 325, 402, 325, 400, 325,
       396, 325, 394, 325, 392, 325, 389, 327, 386, 327, 384, 327, 380,
       327, 379, 327, 377, 327, 373, 327, 369, 327, 367, 327, 365, 325,
       363, 325, 361, 325, 337, 325, 361, 325, 360, 325, 358, 323, 355,
       323, 353, 321, 352, 321, 349, 321, 347, 319, 346, 317, 344, 315,
       341, 315, 341, 313, 338, 311, 337, 311, 337, 309, 338, 307, 336,
       307, 336, 305, 337, 305, 337, 303, 337, 299, 333, 297, 333, 295,
       336, 293, 335, 290, 334, 287, 334, 283, 334, 279, 332, 275, 331,
       271, 331, 269, 329, 265, 333, 261, 333, 257, 333, 255, 331, 253,
       330, 249, 332, 245, 332, 241, 331, 239, 332, 235, 332, 233, 332,
       229, 337, 226, 336, 221, 333, 217, 335, 213, 338, 209, 341, 207,
       345, 205, 348, 205, 348, 205, 347, 205, 347, 205, 345, 207, 344,
       207, 346, 207, 345, 209, 343, 211, 341, 213, 342, 215, 341, 219,
       343, 223, 341, 227, 335, 232, 339, 235, 340, 239, 339, 243, 340,
       247, 338, 251, 340, 253, 342, 255, 345, 257, 348, 259, 349, 263,
       349, 265, 348, 269, 347, 273, 345, 277, 347, 279, 346, 283, 345,
       285, 348, 289, 350, 293, 349, 295, 349, 297, 349, 299, 349, 301,
       349, 303, 350, 305, 351, 307, 349, 309, 350, 313, 349, 313, 351,
       315, 349, 319, 348, 319, 349, 321, 348, 323, 345, 325, 344, 327,
       342, 329, 347, 332, 339, 334, 334, 336, 334, 337, 329, 338, 328,
       338, 326, 339, 325, 339, 323, 339, 322, 339, 319, 339, 312, 339,
       310, 339, 309, 338, 308, 337, 305, 336, 305, 335, 304, 333, 301,
       332, 301, 331, 301, 329, 299, 327, 297, 324, 296, 322, 296, 319,
       294, 317, 294, 313, 292, 310, 297, 305, 296, 301, 295, 299, 296,
       295, 296, 291, 298, 289, 296, 285, 298, 283, 269, 279, 296, 275,
       295, 271, 262, 267, 287, 261, 291, 255, 288, 251, 287, 245, 290,
       239, 289, 235, 292, 231, 291, 227, 291, 223, 290, 219, 289, 217,
       285, 214, 286, 211, 286, 209, 286, 207, 286, 208, 290, 207, 293,
       209, 293, 208, 292, 207, 292, 207, 293, 207, 293, 209, 295, 210,
       298, 211, 299, 212, 302, 214, 304, 217, 308, 219, 310, 223, 312,
       227, 313, 229, 314, 231, 313, 235, 315, 239, 316, 243, 316, 249,
       317, 255, 319, 261, 318, 269, 283, 273, 322, 279, 323, 283, 325,
       287, 325, 291, 325, 295, 286, 297, 289, 297, 324, 301, 325, 303,
       323, 305, 324, 307, 323, 309, 323, 311, 323, 315, 323, 317, 325,
       317, 325, 319, 325, 321, 326, 323, 324, 329, 324, 331, 323, 333,
       323, 335, 323, 339, 320, 341, 319, 341, 314, 341, 313, 343, 312,
       343, 312, 345, 310, 347, 307, 349, 304, 349, 302, 351, 297, 351,
       293, 353, 291, 353, 287, 353, 284, 353, 281, 353, 278, 353, 275,
       353, 272, 351, 269, 351, 267, 349, 263, 349, 260, 349, 256, 347,
       252, 347, 250, 345, 246, 345, 242, 345, 240, 345, 236, 343, 231,
       343, 230, 341, 224, 339, 212, 333, 207, 331, 204, 329, 200, 327,
       199, 319, 197, 317, 197, 313, 199, 307, 198, 303, 198, 299, 197,
       295, 199, 291, 200, 289, 200, 287, 203, 283, 205, 279, 205, 277,
       210, 273, 211, 271, 213, 269, 213, 269, 214, 267, 211, 267, 210,
       263, 206, 261, 204, 259, 205, 257, 208, 255, 210, 253, 213, 251,
       214, 251, 215, 251, 225, 251, 229, 255, 236, 261, 238, 259, 239,
       263, 237, 267, 242, 269, 249, 275, 241, 279, 243, 285, 249, 287,
       248, 299, 255, 295, 257, 299, 261, 301, 263, 305, 264, 307, 265,
       309, 268, 315, 266, 317, 267, 319, 266, 321, 265, 323, 267, 325,
       266, 327, 262, 329, 259, 331, 255, 333, 249, 335, 242, 339, 237,
       339, 231, 343, 226, 343, 222, 345, 217, 347, 213, 349, 210, 349,
       207, 349, 203, 351, 197, 353, 189, 353, 181, 355, 177, 355, 171,
       355, 167, 355, 161, 355, 154, 355, 149, 355, 145, 353, 141, 353,
       138, 351, 136, 351, 135, 349, 135, 347, 134, 343, 134, 341, 133,
       339, 137, 335, 141, 331, 143, 329, 147, 325, 151, 321, 157, 319,
       161, 315, 166, 313, 172, 311, 179, 311, 185, 309, 191, 311, 199,
       309, 203, 309, 208, 307, 213, 307, 217, 307, 224, 307, 229, 307,
       235, 307, 251, 315, 255, 321, 264, 323, 265, 321 ]
