%YAML:1.0
fingertip: !!opencv-matrix
   rows: 424
   cols: 1
   dt: "2i"
   data: [ 434, 285, 433, 285, 436, 283, 436, 283, 436, 283, 437, 283,
       436, 283, 436, 285, 436, 287, 436, 287, 436, 289, 436, 291, 436,
       293, 435, 299, 434, 301, 436, 303, 435, 307, 435, 309, 434, 313,
       435, 315, 436, 317, 435, 321, 438, 321, 438, 325, 440, 327, 441,
       329, 440, 331, 441, 333, 443, 337, 444, 339, 447, 343, 449, 343,
       450, 345, 452, 345, 452, 347, 453, 347, 454, 349, 458, 349, 463,
       351, 462, 351, 466, 353, 466, 353, 467, 353, 468, 353, 468, 353,
       466, 353, 466, 353, 466, 353, 466, 353, 466, 353, 465, 353, 462,
       351, 462, 351, 461, 351, 458, 349, 456, 349, 453, 349, 451, 347,
       449, 347, 449, 345, 448, 341, 445, 343, 446, 341, 443, 339, 441,
       339, 438, 337, 437, 335, 439, 333, 438, 333, 437, 331, 436, 329,
       436, 329, 429, 331, 430, 329, 428, 327, 426, 325, 423, 324, 421,
       321, 420, 319, 417, 315, 411, 311, 404, 309, 401, 307, 397, 305,
       392, 303, 387, 303, 387, 301, 385, 299, 382, 299, 379, 299, 379,
       295, 377, 295, 376, 293, 374, 291, 369, 289, 366, 287, 362, 287,
       358, 287, 354, 285, 350, 285, 345, 285, 340, 283, 334, 285, 331,
       283, 326, 285, 321, 283, 316, 283, 311, 283, 306, 283, 299, 283,
       297, 283, 295, 283, 294, 283, 289, 281, 287, 281, 285, 281, 279,
       279, 275, 279, 269, 279, 262, 277, 255, 277, 249, 277, 245, 279,
       238, 279, 235, 281, 229, 281, 221, 283, 218, 283, 212, 279, 205,
       277, 200, 277, 191, 275, 184, 275, 182, 275, 179, 275, 171, 273,
       169, 271, 164, 269, 161, 269, 158, 265, 155, 265, 152, 263, 146,
       261, 143, 259, 141, 259, 139, 259, 135, 259, 132, 259, 129, 259,
       125, 259, 121, 257, 116, 255, 110, 253, 106, 253, 101, 253, 90,
       267, 90, 269, 92, 271, 93, 271, 93, 273, 96, 275, 98, 277, 101,
       279, 105, 283, 109, 285, 111, 287, 118, 289, 128, 293, 131, 295,
       137, 297, 141, 299, 146, 301, 153, 301, 162, 303, 169, 307, 173,
       309, 179, 313, 181, 317, 187, 319, 193, 321, 196, 325, 200, 327,
       202, 327, 207, 331, 211, 333, 217, 335, 220, 337, 221, 337, 222,
       339, 221, 339, 224, 339, 223, 341, 224, 341, 226, 341, 229, 341,
       232, 339, 237, 339, 247, 339, 252, 339, 255, 338, 266, 335, 273,
       335, 281, 333, 289, 335, 296, 335, 303, 335, 312, 335, 316, 337,
       322, 337, 332, 337, 339, 341, 343, 341, 350, 341, 354, 341, 363,
       341, 367, 339, 371, 341, 379, 343, 383, 343, 387, 345, 392, 345,
       399, 345, 404, 345, 409, 345, 414, 345, 416, 345, 422, 343, 428,
       345, 432, 345, 434, 345, 437, 345, 437, 347, 440, 347, 442, 347,
       444, 347, 446, 347, 448, 347, 448, 347, 450, 347, 451, 345, 451,
       347, 452, 347, 452, 345, 451, 345, 451, 345, 448, 345, 447, 345,
       447, 345, 446, 345, 447, 347, 447, 347, 447, 347, 448, 347, 448,
       347, 449, 347, 448, 347, 449, 349, 445, 347, 447, 347, 445, 349,
       443, 345, 440, 345, 437, 343, 431, 341, 428, 339, 423, 337, 420,
       333, 417, 331, 409, 327, 404, 323, 398, 319, 391, 317, 382, 315,
       378, 311, 371, 311, 368, 307, 368, 301, 361, 297, 355, 293, 351,
       289, 346, 287, 342, 283, 336, 281, 336, 277, 334, 277, 332, 273,
       328, 267, 323, 265, 317, 261, 315, 257, 310, 255, 305, 251, 303,
       247, 298, 243, 293, 241, 290, 239, 290, 239, 287, 237, 282, 233,
       279, 233, 273, 227, 268, 225, 269, 223, 265, 221, 258, 219, 255,
       219, 252, 219, 249, 219, 244, 219, 243, 217, 241, 217, 240, 217,
       241, 219, 241, 219, 238, 221, 238, 221, 239, 223, 239, 225, 238,
       227, 240, 231, 244, 235, 243, 241, 240, 243, 240, 243, 241, 243,
       243, 241, 246, 241, 246, 243, 249, 245, 252, 245, 254, 249, 256,
       249, 256, 251, 254, 253, 253, 255, 253, 257, 254, 259, 255, 263,
       256, 265, 256, 267, 258, 269, 256, 273, 258, 273, 258, 275, 258,
       275, 268, 281, 271, 285, 274, 287, 272, 289, 278, 291, 281, 293,
       286, 297, 290, 299, 292, 301, 292, 303, 295, 303, 298, 305, 300,
       307, 302, 309, 305, 311, 307, 313, 310, 315, 310, 317, 311, 319,
       314, 321, 316, 323, 316, 325, 320, 327, 321, 327, 321, 329, 323,
       331, 323, 333, 324, 333, 324, 337, 325, 337, 329, 339, 333, 341,
       334, 343, 333, 345, 335, 347, 335, 349, 341, 349, 344, 351, 347,
       353, 349, 355, 350, 357, 351, 359, 351, 361, 353, 361, 355, 363,
       358, 363, 360, 365, 363, 365, 366, 367, 367, 371, 367, 373, 378,
       367, 374, 383, 373, 385, 374, 387, 377, 389, 377, 389, 379, 389,
       387, 389, 386, 389, 387, 391, 389, 393, 390, 393, 391, 395, 394,
       395, 394, 395, 395, 397, 395, 395, 395, 399, 396, 399, 395, 399,
       394, 399, 393, 397, 394, 399, 394, 399, 395, 397, 396, 399, 396,
       399, 397, 399 ]
