%YAML:1.0
fingertip: !!opencv-matrix
   rows: 843
   cols: 1
   dt: "2i"
   data: [ 588, 231, 588, 231, 588, 231, 588, 231, 588, 231, 588, 231,
       588, 231, 589, 233, 588, 231, 588, 231, 588, 231, 588, 231, 588,
       231, 589, 233, 588, 231, 588, 231, 588, 231, 588, 231, 588, 231,
       587, 231, 588, 231, 588, 231, 587, 231, 588, 231, 587, 231, 587,
       231, 587, 231, 587, 231, 587, 231, 587, 231, 587, 231, 587, 231,
       587, 231, 587, 231, 588, 231, 587, 231, 587, 231, 587, 231, 587,
       231, 587, 231, 587, 231, 587, 231, 587, 231, 587, 231, 587, 231,
       587, 231, 588, 229, 587, 231, 587, 231, 587, 231, 587, 231, 587,
       231, 587, 231, 587, 231, 587, 231, 587, 231, 587, 231, 587, 231,
       587, 231, 587, 231, 587, 231, 587, 231, 587, 231, 587, 231, 587,
       231, 587, 231, 587, 231, 587, 231, 587, 231, 587, 231, 587, 231,
       587, 231, 587, 231, 587, 231, 587, 231, 587, 231, 587, 231, 587,
       231, 587, 231, 587, 231, 587, 231, 587, 231, 587, 231, 587, 231,
       587, 231, 587, 231, 587, 231, 587, 231, 587, 231, 587, 231, 584,
       219, 587, 231, 587, 231, 587, 231, 587, 231, 587, 231, 587, 231,
       587, 231, 587, 231, 587, 231, 587, 231, 587, 231, 587, 231, 587,
       231, 587, 231, 587, 231, 587, 231, 587, 231, 587, 231, 587, 231,
       587, 231, 587, 231, 587, 231, 587, 231, 587, 231, 587, 231, 572,
       231, 555, 233, 555, 234, 553, 237, 550, 239, 549, 241, 547, 243,
       547, 244, 545, 246, 543, 248, 543, 250, 541, 252, 539, 255, 538,
       257, 536, 259, 534, 261, 532, 263, 530, 265, 528, 267, 525, 269,
       522, 271, 520, 273, 518, 275, 515, 275, 511, 277, 507, 279, 505,
       281, 502, 283, 501, 285, 501, 289, 495, 291, 498, 289, 489, 292,
       486, 292, 488, 293, 483, 294, 484, 294, 484, 295, 483, 295, 483,
       296, 481, 297, 478, 297, 477, 297, 474, 297, 471, 299, 470, 299,
       467, 301, 464, 301, 461, 301, 459, 301, 457, 303, 458, 303, 455,
       303, 453, 303, 451, 303, 449, 305, 446, 305, 445, 305, 444, 305,
       440, 307, 440, 307, 438, 307, 436, 308, 437, 308, 433, 309, 432,
       308, 431, 309, 429, 305, 427, 305, 427, 303, 423, 305, 423, 303,
       421, 303, 419, 303, 418, 301, 418, 301, 417, 301, 417, 301, 417,
       299, 415, 299, 415, 297, 413, 297, 413, 295, 410, 295, 411, 293,
       409, 293, 407, 293, 408, 291, 407, 291, 406, 289, 408, 287, 407,
       287, 407, 287, 411, 285, 408, 283, 407, 283, 408, 281, 408, 281,
       408, 279, 409, 279, 407, 279, 408, 277, 407, 277, 409, 275, 409,
       275, 410, 273, 409, 273, 410, 272, 411, 271, 410, 270, 411, 269,
       411, 267, 410, 266, 411, 264, 412, 263, 413, 262, 412, 261, 413,
       260, 413, 259, 414, 258, 413, 257, 414, 255, 414, 253, 416, 251,
       415, 251, 416, 249, 416, 247, 420, 245, 419, 243, 418, 243, 421,
       239, 422, 237, 424, 235, 425, 235, 427, 233, 507, 231, 587, 231,
       587, 231, 587, 231, 587, 231, 587, 231, 587, 229, 587, 231, 587,
       231, 587, 229, 586, 229, 587, 229, 587, 231, 587, 231, 587, 231,
       587, 231, 587, 231, 587, 231, 587, 231, 587, 231, 584, 221, 584,
       219, 587, 231, 581, 219, 587, 229, 586, 229, 587, 231, 587, 231,
       587, 231, 587, 231, 587, 229, 587, 231, 587, 231, 587, 229, 587,
       229, 587, 231, 587, 231, 587, 231, 588, 229, 587, 231, 586, 229,
       587, 231, 587, 231, 587, 231, 587, 231, 587, 231, 587, 231, 587,
       231, 587, 231, 587, 231, 587, 231, 587, 231, 587, 231, 587, 231,
       587, 231, 587, 229, 587, 231, 587, 231, 587, 231, 587, 229, 587,
       231, 587, 231, 587, 231, 587, 231, 587, 231, 587, 231, 587, 229,
       587, 229, 587, 231, 587, 231, 587, 231, 417, 171, 406, 169, 398,
       171, 393, 169, 386, 170, 384, 169, 380, 169, 378, 169, 376, 169,
       368, 169, 366, 169, 362, 169, 356, 169, 354, 169, 349, 171, 349,
       171, 345, 173, 344, 173, 338, 175, 336, 177, 333, 177, 331, 177,
       328, 177, 324, 177, 321, 177, 319, 177, 314, 177, 311, 177, 308,
       175, 305, 175, 303, 173, 299, 171, 298, 171, 296, 171, 295, 173,
       292, 173, 290, 175, 289, 173, 287, 175, 287, 179, 288, 181, 289,
       191, 286, 195, 286, 197, 289, 203, 288, 205, 288, 211, 286, 213,
       285, 215, 287, 217, 289, 219, 291, 222, 298, 227, 297, 229, 298,
       231, 302, 237, 303, 239, 303, 247, 305, 253, 304, 255, 305, 263,
       311, 265, 310, 271, 309, 272, 311, 273, 309, 275, 307, 276, 308,
       278, 309, 279, 309, 281, 309, 282, 308, 284, 309, 285, 309, 287,
       309, 289, 309, 290, 308, 292, 309, 293, 310, 295, 309, 296, 312,
       297, 313, 297, 314, 298, 315, 299, 313, 300, 316, 299, 316, 301,
       317, 301, 319, 303, 321, 307, 323, 309, 327, 311, 327, 313, 327,
       315, 329, 315, 329, 317, 329, 317, 329, 317, 329, 317, 329, 319,
       329, 319, 329, 321, 331, 321, 332, 325, 331, 327, 331, 329, 331,
       331, 334, 335, 332, 337, 331, 339, 329, 340, 330, 341, 331, 341,
       330, 342, 330, 343, 329, 343, 329, 344, 329, 345, 330, 345, 329,
       346, 331, 347, 331, 349, 331, 349, 331, 351, 331, 351, 331, 351,
       330, 352, 331, 351, 332, 351, 332, 351, 332, 351, 331, 351, 330,
       351, 329, 351, 330, 351, 330, 351, 330, 351, 330, 351, 329, 350,
       327, 350, 328, 349, 326, 349, 325, 348, 326, 347, 326, 346, 327,
       346, 327, 345, 326, 345, 326, 343, 324, 343, 323, 341, 322, 341,
       321, 335, 320, 331, 319, 327, 318, 327, 319, 323, 318, 323, 317,
       319, 317, 319, 316, 317, 315, 315, 313, 313, 313, 311, 311, 309,
       311, 309, 310, 307, 309, 305, 309, 305, 308, 303, 306, 303, 306,
       303, 308, 301, 307, 301, 306, 301, 306, 301, 306, 301, 304, 301,
       304, 301, 303, 299, 302, 299, 299, 297, 295, 295, 293, 295, 291,
       293, 288, 293, 285, 291, 280, 291, 278, 289, 275, 287, 271, 285,
       267, 285, 265, 281, 260, 279, 256, 279, 255, 277, 253, 275, 252,
       273, 250, 271, 249, 269, 250, 269, 248, 267, 244, 267, 246, 265,
       244, 265, 246, 263, 244, 263, 245, 261, 245, 259, 241, 259, 244,
       257, 239, 256, 240, 255, 240, 254, 239, 253, 236, 252, 234, 251,
       234, 251, 232, 249, 231, 249, 228, 247, 226, 247, 226, 245, 224,
       243, 222, 244, 221, 243, 220, 243, 219, 241, 216, 241, 209, 241,
       202, 241, 199, 241, 197, 241, 193, 240, 189, 240, 183, 240, 181,
       240, 179, 240, 176, 240, 174, 240, 172, 239, 171, 239, 169, 239,
       167, 237, 166, 236, 164, 234, 163, 232, 162, 229, 161, 227, 161,
       225, 156, 223, 155, 221, 155, 221, 153, 221, 153, 221, 152, 221,
       151, 221, 151, 221, 150, 221, 150, 221, 150, 221, 148, 221, 148,
       221, 148, 221, 147, 221, 147, 221, 140, 221, 138, 221, 133, 220,
       133, 219, 141, 219, 131, 219, 129, 219, 127, 219, 129, 220, 129,
       219, 129, 218, 129, 217, 131, 217, 131, 215, 131, 215, 132, 215,
       133, 215, 134, 215, 135, 215, 133, 215, 134, 215, 133, 213, 129,
       212, 141, 211, 131, 211, 140, 211, 129, 211, 129, 212, 124, 212,
       122, 213, 121, 213, 123, 215, 123, 215, 123, 216, 130, 215, 133,
       215, 136, 215, 141, 216, 143, 216, 155, 219, 155, 219, 167, 219,
       171, 219, 213, 233, 216, 233, 222, 235, 229, 237, 230, 241, 233,
       241, 235, 242, 238, 243, 242, 244, 241, 246, 243, 248, 246, 249,
       249, 251, 255, 251, 257, 253, 262, 253, 264, 255, 266, 257, 266,
       259, 269, 259, 271, 263, 271, 265, 273, 265, 273, 269, 274, 269,
       275, 271, 275, 273, 274, 275, 273, 277, 272, 277, 272, 279, 272,
       281, 270, 283, 270, 285, 267, 287, 267, 287, 266, 289, 264, 291,
       264, 293, 264, 293, 261, 295, 262, 295, 261, 297, 259, 301, 259,
       301, 259, 303, 256, 305, 254, 305, 249, 306, 249, 305, 245, 307,
       244, 308, 244, 309, 240, 310, 239, 311, 238, 312, 239, 313, 237,
       313, 236, 315, 235, 315, 234, 317, 233, 317, 231, 318, 231, 319,
       229, 321, 229, 322, 229, 323, 229, 325, 227, 325, 227, 327, 224,
       327, 221, 329, 218, 331, 215, 331, 211, 333, 207, 333, 205, 333,
       201, 335, 198, 333, 194, 333, 190, 333, 179, 337, 177, 338, 176,
