%YAML:1.0
fingertip: !!opencv-matrix
   rows: 808
   cols: 1
   dt: "2i"
   data: [ 425, 311, 425, 311, 425, 311, 422, 311, 422, 311, 425, 311,
       427, 310, 425, 311, 425, 311, 425, 311, 425, 311, 435, 309, 425,
       311, 435, 309, 436, 309, 436, 309, 435, 309, 436, 309, 436, 309,
       427, 310, 431, 309, 429, 308, 433, 308, 433, 308, 433, 308, 430,
       308, 433, 305, 434, 305, 434, 305, 434, 305, 436, 307, 434, 305,
       435, 305, 435, 305, 435, 303, 435, 303, 435, 303, 434, 303, 435,
       303, 435, 301, 435, 301, 435, 301, 437, 300, 435, 299, 435, 299,
       434, 299, 434, 299, 434, 299, 433, 297, 431, 297, 432, 297, 431,
       297, 431, 295, 430, 295, 430, 295, 430, 293, 429, 293, 430, 293,
       429, 293, 429, 291, 429, 291, 430, 291, 430, 291, 431, 291, 430,
       289, 431, 289, 431, 287, 432, 287, 432, 286, 431, 284, 432, 283,
       432, 281, 432, 280, 433, 279, 434, 277, 434, 275, 436, 273, 435,
       271, 438, 269, 437, 267, 434, 265, 433, 263, 433, 261, 431, 259,
       430, 257, 431, 253, 430, 251, 432, 249, 432, 247, 432, 245, 433,
       243, 433, 243, 433, 241, 433, 239, 433, 239, 431, 239, 431, 237,
       429, 237, 428, 237, 428, 237, 427, 235, 426, 235, 425, 234, 424,
       234, 423, 233, 422, 233, 420, 233, 419, 232, 417, 232, 416, 232,
       415, 232, 413, 232, 412, 231, 411, 231, 409, 230, 408, 229, 408,
       227, 407, 225, 406, 223, 403, 220, 402, 218, 402, 217, 400, 215,
       399, 214, 399, 213, 397, 212, 395, 211, 393, 211, 393, 211, 388,
       210, 388, 210, 388, 210, 390, 209, 388, 208, 384, 207, 384, 207,
       382, 205, 381, 204, 381, 203, 379, 201, 377, 201, 375, 200, 374,
       199, 374, 198, 373, 196, 372, 195, 369, 195, 367, 193, 364, 192,
       362, 190, 361, 189, 360, 189, 357, 189, 355, 187, 351, 189, 350,
       189, 347, 189, 345, 189, 342, 189, 339, 189, 334, 188, 332, 187,
       330, 185, 327, 182, 327, 180, 325, 177, 324, 173, 323, 169, 322,
       165, 321, 161, 322, 159, 321, 157, 318, 153, 316, 149, 313, 147,
       311, 145, 308, 145, 306, 143, 305, 143, 303, 143, 301, 143, 300,
       143, 298, 143, 297, 143, 296, 143, 294, 143, 293, 143, 291, 145,
       290, 147, 287, 149, 285, 149, 283, 151, 281, 151, 279, 153, 278,
       155, 278, 157, 278, 157, 280, 157, 280, 157, 280, 157, 280, 157,
       280, 159, 280, 159, 280, 159, 281, 159, 277, 155, 277, 157, 277,
       159, 277, 161, 279, 163, 279, 167, 277, 167, 276, 169, 275, 169,
       275, 169, 276, 169, 275, 171, 274, 171, 275, 173, 275, 175, 274,
       177, 274, 179, 274, 181, 272, 183, 271, 185, 270, 187, 268, 187,
       267, 189, 266, 191, 266, 193, 264, 193, 263, 195, 262, 197, 263,
       199, 209, 199, 262, 201, 260, 203, 208, 203, 261, 205, 262, 207,
       261, 209, 260, 209, 261, 211, 260, 213, 260, 215, 259, 217, 257,
       219, 255, 219, 255, 221, 253, 223, 252, 225, 252, 227, 251, 227,
       251, 227, 251, 229, 251, 229, 251, 229, 250, 231, 250, 231, 249,
       233, 248, 233, 245, 237, 245, 239, 244, 241, 243, 243, 243, 245,
       240, 248, 240, 251, 239, 253, 239, 255, 238, 257, 236, 258, 235,
       260, 236, 261, 236, 263, 235, 264, 236, 265, 236, 267, 235, 268,
       237, 269, 236, 271, 237, 271, 237, 273, 237, 275, 237, 277, 237,
       279, 237, 281, 236, 283, 236, 285, 236, 291, 237, 293, 237, 293,
       237, 295, 237, 297, 237, 297, 237, 299, 237, 299, 237, 299, 237,
       301, 237, 301, 236, 303, 237, 303, 237, 305, 238, 307, 234, 309,
       235, 310, 235, 311, 234, 313, 231, 316, 230, 318, 230, 321, 231,
       322, 231, 324, 232, 325, 232, 327, 231, 328, 231, 329, 230, 330,
       230, 331, 230, 333, 229, 334, 230, 335, 229, 335, 228, 335, 228,
       335, 227, 335, 226, 335, 227, 335, 227, 335, 227, 337, 226, 337,
       226, 337, 226, 337, 225, 339, 226, 339, 226, 339, 224, 339, 224,
       339, 224, 339, 224, 339, 223, 341, 223, 341, 222, 341, 222, 341,
       223, 341, 222, 341, 222, 341, 223, 341, 223, 339, 224, 339, 224,
       339, 225, 339, 226, 339, 227, 339, 228, 339, 227, 339, 229, 339,
       228, 337, 229, 337, 230, 337, 230, 337, 231, 336, 232, 335, 233,
       335, 233, 334, 236, 333, 236, 332, 237, 331, 238, 329, 240, 327,
       241, 326, 243, 324, 246, 323, 247, 323, 247, 322, 249, 321, 251,
       321, 252, 320, 255, 319, 258, 317, 260, 316, 263, 314, 266, 313,
       267, 311, 269, 307, 272, 305, 275, 303, 280, 301, 283, 299, 285,
       297, 287, 295, 291, 293, 293, 291, 295, 289, 297, 287, 299, 285,
       301, 283, 303, 281, 304, 278, 306, 276, 308, 275, 310, 273, 312,
       271, 314, 270, 317, 269, 321, 267, 323, 265, 326, 263, 329, 262,
       332, 259, 335, 259, 337, 257, 339, 255, 342, 254, 344, 252, 347,
       250, 349, 249, 351, 248, 353, 247, 354, 247, 355, 246, 357, 245,
       359, 244, 361, 244, 363, 243, 364, 242, 366, 241, 368, 239, 369,
       239, 373, 237, 375, 237, 378, 235, 380, 235, 382, 235, 385, 233,
       386, 233, 390, 231, 393, 231, 397, 229, 400, 229, 403, 227, 405,
       226, 408, 225, 410, 224, 411, 223, 413, 221, 415, 220, 418, 219,
       421, 217, 423, 216, 427, 215, 429, 214, 433, 213, 438, 211, 439,
       211, 441, 211, 442, 209, 445, 209, 447, 209, 450, 207, 453, 205,
       455, 205, 459, 203, 462, 201, 466, 201, 471, 199, 473, 199, 476,
       199, 479, 198, 482, 197, 525, 197, 488, 195, 491, 194, 494, 193,
       497, 191, 500, 189, 502, 188, 506, 187, 509, 185, 563, 195, 539,
       183, 565, 199, 541, 180, 565, 199, 562, 181, 563, 189, 559, 183,
       559, 183, 562, 181, 565, 197, 562, 173, 565, 199, 559, 189, 565,
       197, 558, 177, 565, 197, 561, 189, 565, 199, 559, 183, 557, 175,
       563, 187, 556, 175, 565, 199, 558, 179, 565, 197, 561, 189, 565,
       199, 565, 197, 555, 183, 555, 179, 565, 199, 558, 177, 558, 177,
       555, 183, 564, 177, 565, 197, 559, 185, 533, 169, 563, 179, 528,
       170, 528, 171, 565, 173, 557, 177, 525, 173, 555, 183, 475, 174,
       471, 175, 467, 176, 461, 177, 460, 177, 458, 177, 455, 178, 451,
       178, 448, 179, 444, 179, 441, 180, 438, 180, 436, 181, 433, 181,
       431, 182, 428, 183, 425, 183, 423, 184, 419, 185, 415, 185, 412,
       187, 407, 187, 404, 187, 400, 187, 398, 187, 395, 189, 393, 189,
       389, 189, 386, 189, 382, 188, 376, 188, 371, 189, 365, 190, 361,
       190, 353, 192, 349, 193, 348, 194, 345, 195, 341, 195, 337, 197,
       334, 197, 329, 197, 325, 199, 321, 199, 318, 199, 315, 199, 310,
       199, 306, 201, 302, 201, 297, 201, 292, 201, 284, 201, 278, 201,
       271, 201, 253, 203, 231, 203, 216, 203, 197, 203, 195, 204, 190,
       205, 186, 205, 180, 207, 176, 207, 171, 209, 169, 209, 161, 211,
       165, 211, 161, 211, 155, 213, 156, 213, 154, 215, 153, 215, 149,
       215, 147, 217, 145, 219, 144, 221, 144, 221, 142, 222, 144, 223,
       141, 222, 139, 222, 137, 222, 133, 223, 131, 224, 131, 225, 129,
       225, 128, 227, 128, 227, 103, 227, 103, 227, 127, 227, 102, 227,
       127, 227, 102, 227, 127, 227, 129, 227, 128, 229, 129, 229, 130,
       231, 131, 231, 131, 231, 132, 231, 132, 231, 130, 233, 125, 233,
       105, 235, 126, 235, 126, 235, 131, 235, 124, 237, 126, 237, 136,
       237, 138, 239, 139, 241, 129, 243, 143, 243, 145, 243, 134, 245,
       133, 247, 135, 247, 136, 247, 137, 247, 139, 247, 140, 247, 140,
       249, 142, 249, 143, 251, 166, 251, 168, 253, 170, 253, 174, 253,
       177, 253, 178, 253, 179, 253, 179, 253, 181, 253, 182, 253, 183,
       253, 186, 253, 189, 255, 193, 257, 160, 257, 197, 257, 200, 259,
       203, 259, 207, 261, 209, 261, 211, 261, 212, 261, 214, 262, 218,
       262, 222, 261, 224, 261, 228, 261, 229, 260, 232, 260, 234, 259,
       237, 259, 239, 259, 241, 259, 243, 259, 246, 259, 247, 258, 252,
       259, 252, 259, 252, 259, 257, 257, 261, 257, 265, 257, 269, 257,
       272, 257, 277, 257, 281, 259, 283, 259, 286, 261, 289, 259, 291,
       259, 294, 259, 296, 259, 298, 261, 300, 261, 302, 261, 303, 261,
       305, 261, 306, 263, 308, 263, 311, 265, 313, 266, 315, 267, 319,
