%YAML:1.0
fingertip: !!opencv-matrix
   rows: 300
   cols: 1
   dt: "2i"
   data: [ 363, 237, 363, 237, 365, 239, 364, 239, 364, 239, 364, 239,
       364, 239, 366, 239, 370, 239, 373, 240, 376, 240, 378, 241, 380,
       241, 383, 240, 385, 239, 388, 239, 391, 239, 393, 239, 397, 238,
       400, 238, 410, 239, 413, 239, 421, 239, 428, 240, 434, 241, 440,
       241, 443, 241, 446, 241, 448, 241, 448, 241, 451, 241, 452, 239,
       455, 239, 458, 239, 461, 239, 465, 239, 469, 239, 473, 239, 479,
       239, 483, 241, 487, 242, 490, 243, 494, 245, 498, 246, 500, 248,
       504, 250, 507, 252, 510, 253, 512, 255, 514, 257, 516, 257, 519,
       259, 522, 261, 523, 261, 524, 263, 526, 265, 527, 265, 528, 267,
       529, 267, 530, 269, 529, 269, 531, 271, 530, 273, 531, 273, 531,
       275, 531, 279, 529, 281, 531, 281, 532, 283, 532, 285, 532, 287,
       529, 289, 528, 291, 526, 291, 526, 293, 526, 293, 525, 295, 525,
       296, 524, 297, 521, 299, 521, 300, 520, 300, 518, 301, 516, 302,
       513, 303, 509, 305, 506, 305, 504, 306, 500, 307, 496, 307, 492,
       307, 486, 307, 482, 307, 478, 307, 474, 307, 469, 309, 464, 309,
       459, 309, 455, 311, 452, 311, 448, 311, 445, 312, 440, 312, 436,
       312, 431, 312, 425, 313, 420, 313, 416, 313, 409, 311, 403, 311,
       398, 311, 392, 311, 387, 309, 383, 309, 378, 309, 373, 309, 370,
       307, 369, 307, 364, 305, 360, 303, 357, 301, 354, 301, 351, 299,
       346, 295, 341, 293, 338, 291, 329, 287, 324, 285, 322, 283, 320,
       279, 317, 277, 314, 275, 313, 271, 309, 267, 308, 265, 307, 263,
       305, 261, 305, 261, 303, 259, 302, 257, 301, 257, 300, 255, 300,
       255, 300, 253, 299, 251, 300, 250, 300, 249, 301, 248, 302, 247,
       303, 247, 302, 247, 301, 247, 300, 247, 300, 247, 300, 247, 302,
       246, 302, 245, 303, 242, 303, 239, 302, 237, 302, 235, 303, 233,
       305, 232, 304, 231, 304, 229, 304, 227, 305, 225, 306, 225, 305,
       225, 304, 227, 302, 227, 302, 228, 304, 229, 306, 231, 304, 231,
       303, 232, 301, 233, 301, 235, 302, 237, 304, 239, 305, 241, 306,
       245, 307, 249, 308, 251, 309, 255, 310, 259, 311, 261, 312, 265,
       311, 267, 312, 271, 311, 273, 310, 275, 310, 277, 309, 279, 310,
       283, 310, 285, 310, 286, 309, 287, 309, 289, 309, 290, 307, 291,
       308, 292, 307, 293, 307, 293, 307, 294, 307, 295, 307, 295, 307,
       295, 306, 295, 307, 296, 307, 296, 306, 297, 307, 297, 307, 298,
       307, 299, 307, 300, 306, 301, 306, 301, 306, 301, 306, 303, 308,
       303, 308, 304, 309, 305, 309, 305, 310, 305, 311, 306, 312, 306,
       310, 307, 311, 307, 311, 307, 309, 307, 308, 307, 306, 307, 306,
       307, 305, 307, 304, 307, 303, 307, 302, 307, 301, 307, 300, 307,
       298, 307, 298, 307, 297, 308, 296, 308, 294, 309, 292, 309, 289,
       310, 288, 310, 287, 310, 284, 309, 281, 309, 279, 309, 276, 309,
       273, 307, 269, 307, 267, 307, 263, 305, 259, 305, 256, 305, 250,
       303, 247, 303, 242, 303, 195, 283, 192, 283, 188, 282, 185, 281,
       184, 281, 180, 281, 179, 280, 177, 279, 175, 278, 171, 277, 169,
       275, 167, 273, 165, 273, 161, 271, 159, 269, 157, 268, 155, 267,
       154, 267, 153, 266, 151, 265, 150, 265, 148, 265, 147, 264, 146,
       264, 145, 263, 144, 263, 143, 263, 142, 263, 141, 263, 140, 263,
       139, 263, 138, 263, 136, 261, 136, 261, 136, 261, 134, 257, 132,
       255, 131, 253 ]
