%YAML:1.0
fingertip: !!opencv-matrix
   rows: 357
   cols: 1
   dt: "2i"
   data: [ 356, 207, 354, 207, 355, 207, 354, 207, 353, 207, 353, 207,
       353, 207, 352, 207, 353, 205, 353, 205, 353, 205, 355, 203, 355,
       203, 356, 201, 356, 199, 357, 197, 359, 197, 362, 197, 364, 197,
       367, 197, 370, 197, 373, 197, 374, 199, 376, 199, 379, 199, 380,
       199, 381, 199, 384, 199, 385, 199, 388, 197, 391, 197, 394, 197,
       398, 199, 406, 199, 411, 199, 416, 201, 423, 201, 427, 201, 433,
       201, 437, 201, 441, 203, 447, 205, 450, 205, 456, 205, 463, 207,
       469, 209, 474, 209, 483, 209, 490, 213, 495, 215, 501, 219, 506,
       225, 511, 227, 516, 229, 519, 233, 521, 235, 524, 237, 531, 238,
       532, 241, 534, 243, 537, 245, 541, 245, 541, 248, 541, 249, 543,
       251, 542, 255, 544, 257, 545, 259, 548, 261, 549, 263, 551, 265,
       554, 265, 554, 267, 555, 269, 557, 269, 556, 271, 558, 271, 559,
       271, 559, 273, 559, 273, 560, 275, 559, 277, 558, 279, 558, 281,
       558, 283, 558, 285, 557, 287, 555, 289, 553, 291, 551, 293, 548,
       295, 545, 297, 546, 297, 543, 297, 540, 297, 536, 301, 533, 301,
       530, 303, 528, 303, 525, 305, 522, 305, 520, 305, 517, 305, 513,
       307, 509, 307, 505, 307, 501, 309, 497, 307, 495, 305, 487, 307,
       483, 307, 479, 307, 474, 307, 470, 307, 466, 309, 461, 307, 456,
       309, 452, 311, 449, 311, 443, 313, 437, 313, 432, 311, 428, 311,
       424, 311, 421, 309, 418, 307, 412, 303, 405, 301, 400, 301, 396,
       301, 391, 299, 387, 297, 382, 295, 378, 293, 376, 291, 373, 289,
       371, 285, 371, 283, 366, 279, 360, 277, 358, 275, 356, 273, 352,
       271, 350, 267, 346, 265, 343, 261, 338, 257, 334, 253, 327, 247,
       325, 243, 323, 241, 322, 237, 319, 233, 317, 231, 317, 229, 314,
       225, 312, 221, 309, 219, 307, 215, 305, 211, 303, 209, 300, 207,
       299, 205, 298, 201, 297, 199, 297, 199, 296, 197, 294, 195, 292,
       195, 293, 193, 293, 193, 293, 193, 294, 191, 293, 189, 292, 187,
       291, 187, 291, 187, 291, 187, 291, 187, 292, 187, 292, 187, 293,
       187, 293, 189, 293, 189, 294, 189, 293, 191, 295, 191, 295, 193,
       295, 193, 296, 193, 298, 195, 298, 197, 300, 197, 301, 199, 302,
       201, 304, 207, 307, 211, 309, 215, 310, 217, 312, 219, 314, 225,
       316, 227, 316, 231, 317, 233, 317, 235, 319, 237, 319, 239, 318,
       241, 321, 243, 322, 245, 324, 247, 324, 249, 327, 249, 332, 253,
       334, 255, 334, 259, 336, 261, 336, 263, 336, 265, 336, 267, 336,
       269, 338, 269, 337, 271, 337, 273, 336, 275, 337, 277, 339, 277,
       339, 277, 342, 277, 342, 277, 343, 277, 344, 279, 343, 281, 344,
       281, 345, 283, 346, 283, 346, 285, 347, 287, 348, 287, 348, 287,
       347, 289, 346, 289, 345, 289, 343, 291, 342, 291, 341, 293, 342,
       293, 341, 293, 340, 293, 340, 295, 339, 297, 339, 297, 336, 297,
       335, 299, 335, 299, 333, 301, 332, 301, 332, 301, 330, 305, 331,
       305, 332, 305, 332, 307, 331, 309, 330, 309, 330, 309, 329, 309,
       328, 309, 326, 311, 327, 311, 326, 311, 324, 311, 323, 311, 321,
       311, 319, 311, 317, 311, 317, 309, 313, 311, 314, 309, 312, 309,
       312, 307, 309, 305, 304, 305, 301, 303, 298, 303, 296, 303, 294,
       301, 290, 303, 289, 303, 286, 303, 283, 303, 282, 303, 279, 303,
       276, 303, 273, 303, 270, 303, 268, 303, 265, 303, 262, 301, 258,
       301, 254, 301, 249, 299, 241, 301, 237, 301, 231, 297, 225, 295,
       222, 295, 217, 291, 212, 289, 204, 283, 201, 283, 199, 279, 196,
       275, 195, 273, 190, 269, 189, 265, 186, 263, 184, 257, 182, 253,
       177, 251, 171, 249, 170, 247, 168, 245, 167, 241, 164, 237, 164,
       235, 160, 233, 155, 231, 154, 229, 151, 229, 146, 229, 145, 229,
       144, 229, 143, 229, 142, 231, 141, 231, 141, 233, 140, 235, 139,
       235, 140, 235, 143, 237, 142, 237, 141, 237, 140, 237, 141, 239,
       142, 241, 141, 243, 139, 245, 141, 249, 142, 251, 142, 253, 143,
       253, 142, 255, 140, 255, 140, 255, 139, 255, 136, 255, 135, 253 ]
