%YAML:1.0
fingertip: !!opencv-matrix
   rows: 424
   cols: 1
   dt: "2i"
   data: [ 591, 235, 590, 235, 586, 219, 590, 233, 591, 235, 586, 221,
       591, 235, 591, 235, 586, 221, 590, 233, 591, 235, 591, 235, 595,
       229, 591, 235, 591, 235, 590, 235, 554, 232, 552, 235, 513, 239,
       510, 243, 509, 245, 507, 248, 508, 249, 507, 251, 507, 255, 503,
       257, 501, 261, 496, 265, 497, 267, 493, 271, 492, 273, 492, 277,
       489, 279, 490, 279, 487, 281, 487, 283, 485, 283, 485, 285, 486,
       285, 487, 285, 488, 285, 489, 285, 489, 285, 488, 285, 499, 285,
       487, 287, 486, 285, 485, 287, 486, 287, 485, 287, 485, 287, 485,
       287, 483, 287, 483, 285, 482, 285, 480, 285, 479, 285, 477, 285,
       476, 285, 477, 281, 476, 281, 476, 279, 477, 279, 477, 277, 478,
       275, 477, 275, 475, 273, 478, 271, 479, 269, 480, 267, 481, 265,
       481, 263, 480, 263, 481, 261, 481, 261, 481, 259, 481, 255, 479,
       254, 479, 252, 480, 249, 477, 247, 477, 245, 476, 243, 475, 241,
       475, 239, 472, 237, 530, 235, 590, 235, 589, 235, 590, 235, 590,
       235, 590, 235, 590, 235, 591, 237, 590, 235, 590, 235, 590, 235,
       590, 235, 590, 235, 590, 235, 590, 235, 590, 235, 590, 235, 590,
       235, 589, 235, 589, 235, 413, 226, 408, 225, 406, 225, 403, 223,
       399, 223, 395, 223, 393, 221, 387, 221, 384, 221, 381, 219, 377,
       219, 370, 221, 365, 221, 356, 224, 349, 226, 343, 227, 339, 228,
       331, 231, 324, 232, 319, 231, 309, 231, 303, 231, 297, 231, 289,
       232, 285, 231, 279, 231, 276, 229, 269, 227, 263, 225, 258, 223,
       254, 223, 247, 223, 245, 221, 242, 221, 235, 219, 232, 217, 230,
       215, 228, 215, 224, 215, 220, 213, 215, 213, 211, 213, 205, 215,
       198, 215, 193, 217, 189, 215, 184, 215, 176, 213, 174, 213, 148,
       231, 148, 233, 147, 235, 150, 237, 147, 239, 149, 241, 151, 243,
       153, 245, 157, 249, 161, 253, 165, 253, 173, 255, 179, 257, 183,
       259, 190, 261, 194, 263, 200, 265, 206, 269, 212, 271, 215, 273,
       218, 275, 222, 279, 227, 281, 229, 285, 231, 289, 234, 291, 237,
       293, 238, 295, 242, 295, 244, 297, 247, 299, 251, 305, 250, 305,
       250, 305, 252, 305, 252, 305, 254, 305, 257, 305, 260, 303, 263,
       301, 270, 297, 275, 297, 281, 297, 287, 295, 293, 295, 300, 295,
       306, 295, 312, 293, 320, 293, 329, 292, 336, 291, 341, 291, 352,
       287, 358, 289, 361, 290, 369, 289, 374, 289, 380, 289, 384, 287,
       391, 285, 397, 285, 402, 285, 405, 285, 411, 285, 414, 285, 419,
       285, 426, 283, 432, 285, 435, 285, 440, 285, 445, 285, 449, 285,
       453, 285, 457, 285, 459, 285, 462, 285, 463, 287, 464, 287, 466,
       287, 467, 287, 469, 287, 470, 287, 470, 287, 472, 285, 472, 285,
       472, 286, 473, 285, 473, 285, 474, 283, 471, 283, 471, 285, 470,
       285, 470, 285, 470, 285, 470, 285, 470, 285, 470, 285, 471, 286,
       470, 287, 471, 287, 469, 288, 469, 288, 468, 288, 469, 288, 469,
       287, 465, 287, 465, 285, 463, 283, 460, 281, 458, 279, 456, 276,
       455, 273, 453, 269, 450, 267, 449, 266, 444, 259, 441, 257, 439,
       253, 438, 251, 435, 247, 436, 243, 435, 239, 509, 235, 590, 235,
       589, 235, 590, 235, 590, 235, 425, 221, 424, 217, 422, 215, 422,
       211, 421, 209, 418, 205, 416, 199, 416, 195, 415, 191, 413, 187,
       411, 185, 409, 181, 406, 179, 406, 177, 404, 173, 401, 173, 401,
       169, 398, 167, 395, 161, 394, 159, 393, 159, 392, 157, 388, 158,
       389, 157, 385, 157, 382, 157, 380, 155, 378, 153, 376, 153, 377,
       155, 376, 155, 376, 157, 376, 159, 376, 161, 375, 163, 375, 165,
       374, 167, 373, 173, 374, 177, 369, 185, 367, 185, 369, 185, 371,
       183, 375, 183, 376, 183, 377, 185, 374, 186, 378, 187, 379, 187,
       379, 189, 379, 191, 377, 193, 376, 195, 375, 197, 374, 201, 375,
       203, 374, 207, 374, 209, 371, 213, 368, 215, 369, 215, 367, 217,
       365, 219, 365, 223, 367, 225, 371, 227, 367, 229, 367, 231, 369,
       233, 368, 237, 371, 239, 373, 243, 373, 245, 372, 249, 373, 251,
       372, 253, 373, 257, 375, 259, 372, 259, 374, 263, 373, 263, 371,
       267, 373, 269, 373, 269, 375, 273, 373, 275, 372, 275, 371, 277,
       368, 279, 369, 281, 367, 283, 367, 285, 367, 289, 365, 291, 366,
       293, 365, 294, 366, 296, 368, 297, 368, 299, 370, 301, 371, 303,
       371, 305, 371, 308, 371, 310, 371, 312, 370, 313, 370, 315, 371,
       315, 372, 317, 373, 317, 373, 319, 374, 321, 375, 321, 374, 323,
       375, 325, 376, 325, 378, 329, 377, 331, 377, 333, 379, 335, 380,
       335, 381, 337, 382, 339, 381, 339, 382, 341, 383, 343, 383, 343,
       383, 345, 385, 345, 384, 347, 385, 347, 384, 347, 384, 349, 384,
       349, 382, 349, 380, 349, 379, 349, 380, 349, 380, 349, 382, 349,
       383, 349, 383, 351 ]
