%YAML:1.0
fingertip: !!opencv-matrix
   rows: 1091
   cols: 1
   dt: "2i"
   data: [ 436, 307, 436, 307, 436, 307, 437, 307, 436, 307, 436, 307,
       437, 307, 436, 307, 436, 307, 436, 307, 436, 307, 433, 308, 436,
       307, 437, 307, 436, 307, 436, 307, 436, 307, 436, 307, 433, 308,
       436, 307, 437, 307, 436, 307, 436, 307, 433, 308, 436, 307, 436,
       307, 436, 307, 433, 308, 433, 308, 437, 305, 438, 305, 439, 305,
       438, 305, 437, 305, 438, 305, 438, 305, 437, 305, 437, 305, 437,
       305, 436, 305, 435, 305, 435, 305, 435, 303, 435, 303, 435, 301,
       435, 303, 435, 303, 435, 301, 435, 303, 435, 303, 435, 303, 435,
       303, 435, 303, 435, 301, 435, 301, 434, 301, 436, 301, 434, 301,
       433, 301, 434, 299, 435, 299, 434, 299, 434, 299, 434, 299, 433,
       297, 433, 297, 433, 297, 433, 297, 431, 297, 431, 297, 431, 297,
       433, 297, 433, 295, 433, 295, 433, 293, 431, 295, 433, 293, 432,
       293, 432, 293, 433, 295, 431, 293, 430, 293, 431, 293, 432, 293,
       431, 293, 430, 291, 431, 291, 431, 291, 430, 291, 431, 289, 431,
       289, 431, 289, 430, 289, 429, 289, 430, 287, 431, 287, 430, 285,
       430, 285, 430, 285, 431, 285, 430, 283, 430, 283, 430, 283, 429,
       283, 430, 281, 430, 281, 430, 281, 429, 281, 429, 281, 429, 281,
       428, 279, 428, 279, 427, 279, 427, 279, 424, 279, 422, 277, 419,
       279, 417, 279, 418, 277, 418, 277, 415, 277, 416, 275, 415, 275,
       414, 275, 415, 275, 416, 273, 414, 273, 414, 273, 413, 272, 413,
       271, 415, 270, 415, 269, 416, 267, 415, 267, 413, 267, 411, 266,
       412, 265, 413, 263, 414, 261, 413, 259, 413, 258, 413, 257, 411,
       256, 412, 255, 413, 254, 411, 253, 412, 251, 411, 250, 411, 249,
       410, 247, 412, 243, 411, 243, 413, 241, 413, 241, 413, 239, 412,
       239, 413, 237, 412, 237, 411, 237, 411, 235, 409, 235, 408, 233,
       409, 231, 408, 229, 407, 227, 407, 226, 406, 225, 406, 225, 406,
       223, 405, 223, 405, 223, 404, 221, 404, 221, 404, 221, 403, 221,
       403, 219, 402, 219, 401, 219, 399, 217, 399, 217, 397, 215, 395,
       215, 395, 215, 391, 215, 392, 213, 392, 213, 391, 213, 391, 211,
       389, 211, 392, 209, 391, 209, 389, 209, 389, 207, 387, 207, 385,
       207, 383, 207, 382, 207, 381, 207, 382, 205, 380, 205, 381, 203,
       379, 201, 380, 201, 380, 199, 378, 199, 376, 201, 376, 199, 376,
       199, 375, 199, 375, 199, 375, 199, 375, 197, 374, 197, 375, 195,
       374, 195, 374, 193, 373, 193, 371, 192, 372, 189, 372, 187, 371,
       185, 370, 185, 370, 181, 370, 179, 368, 179, 367, 177, 366, 175,
       364, 173, 360, 171, 357, 169, 358, 163, 359, 161, 356, 161, 356,
       159, 355, 159, 354, 157, 352, 155, 352, 153, 352, 151, 351, 149,
       352, 147, 351, 145, 353, 143, 353, 143, 349, 141, 350, 139, 567,
       201, 567, 201, 569, 205, 569, 205, 565, 197, 569, 205, 567, 201,
       569, 205, 569, 205, 569, 205, 567, 201, 569, 205, 567, 201, 567,
       201, 567, 201, 569, 205, 574, 211, 569, 205, 565, 199, 567, 201,
       573, 211, 574, 211, 571, 207, 571, 207, 567, 201, 573, 211, 569,
       205, 569, 205, 569, 205, 573, 211, 569, 205, 565, 197, 569, 205,
       567, 201, 567, 201, 571, 207, 567, 201, 569, 205, 567, 201, 571,
       207, 569, 205, 569, 205, 567, 201, 569, 205, 569, 205, 567, 201,
       573, 211, 569, 205, 567, 201, 569, 205, 567, 201, 565, 197, 567,
       201, 565, 197, 571, 207, 567, 201, 567, 201, 567, 201, 565, 197,
       567, 201, 565, 197, 567, 201, 569, 205, 569, 205, 567, 201, 569,
       205, 567, 201, 567, 201, 569, 205, 569, 205, 567, 201, 569, 205,
       567, 201, 571, 207, 567, 201, 569, 205, 567, 201, 569, 205, 570,
       205, 569, 205, 569, 205, 567, 201, 569, 205, 565, 199, 569, 205,
       567, 201, 257, 137, 258, 137, 256, 139, 259, 141, 258, 141, 257,
       143, 260, 143, 263, 145, 263, 145, 262, 147, 261, 149, 262, 149,
       267, 151, 265, 151, 263, 153, 264, 153, 265, 153, 266, 153, 266,
       157, 266, 159, 265, 161, 264, 163, 263, 163, 260, 167, 259, 169,
       258, 171, 257, 175, 259, 179, 258, 181, 260, 183, 264, 191, 258,
       197, 257, 203, 257, 205, 256, 207, 257, 209, 255, 209, 255, 211,
       256, 211, 256, 213, 255, 215, 258, 215, 257, 217, 257, 219, 259,
       219, 257, 221, 257, 223, 258, 223, 258, 225, 258, 225, 257, 227,
       260, 227, 261, 227, 258, 229, 260, 229, 260, 231, 259, 231, 258,
       231, 257, 233, 258, 233, 261, 235, 258, 237, 260, 237, 257, 239,
       258, 241, 258, 243, 259, 243, 259, 245, 258, 245, 258, 247, 256,
       247, 257, 249, 256, 251, 251, 253, 255, 253, 252, 255, 252, 259,
       251, 259, 250, 261, 250, 261, 250, 263, 249, 264, 249, 265, 248,
       265, 245, 267, 247, 267, 243, 269, 247, 269, 247, 271, 248, 273,
       247, 275, 249, 275, 248, 277, 247, 279, 246, 281, 247, 283, 246,
       285, 245, 287, 245, 287, 245, 289, 245, 291, 245, 291, 245, 293,
       243, 295, 244, 295, 244, 297, 245, 297, 246, 299, 247, 299, 248,
       305, 245, 307, 245, 309, 245, 309, 245, 311, 245, 313, 244, 315,
       243, 317, 243, 319, 243, 319, 242, 321, 243, 321, 242, 323, 242,
       324, 242, 325, 241, 325, 241, 326, 241, 327, 240, 327, 238, 328,
       237, 329, 237, 329, 234, 330, 235, 331, 235, 331, 236, 331, 237,
       331, 237, 333, 238, 333, 238, 333, 239, 333, 239, 335, 238, 335,
       238, 335, 237, 335, 237, 335, 237, 335, 235, 336, 235, 336, 235,
       337, 235, 337, 235, 337, 235, 337, 235, 337, 235, 337, 235, 337,
       234, 336, 235, 336, 235, 335, 235, 335, 236, 335, 234, 334, 234,
       333, 234, 333, 235, 333, 235, 331, 235, 331, 236, 331, 237, 331,
       240, 331, 239, 330, 240, 329, 242, 329, 242, 329, 242, 329, 242,
       329, 243, 329, 244, 328, 245, 327, 246, 327, 246, 326, 248, 325,
       250, 325, 251, 323, 251, 323, 251, 321, 251, 321, 252, 321, 251,
       319, 252, 319, 254, 317, 255, 317, 255, 316, 256, 315, 259, 315,
       263, 313, 264, 313, 265, 313, 265, 311, 265, 311, 264, 309, 265,
       309, 265, 309, 266, 307, 270, 303, 273, 303, 274, 301, 275, 301,
       275, 301, 277, 299, 279, 299, 280, 297, 280, 297, 281, 297, 283,
       295, 284, 293, 286, 291, 289, 289, 291, 287, 293, 287, 295, 285,
       296, 285, 297, 283, 299, 284, 299, 283, 301, 281, 303, 281, 302,
       279, 303, 279, 305, 278, 306, 277, 307, 275, 308, 275, 310, 275,
       311, 273, 314, 271, 316, 269, 319, 267, 322, 265, 322, 265, 324,
       263, 326, 261, 327, 261, 329, 259, 332, 257, 333, 257, 340, 253,
       341, 251, 342, 251, 344, 249, 346, 247, 348, 245, 350, 243, 351,
       242, 353, 239, 355, 239, 357, 237, 358, 235, 360, 231, 360, 229,
       362, 227, 365, 225, 366, 223, 369, 221, 372, 221, 372, 219, 376,
       219, 377, 217, 379, 217, 381, 215, 383, 213, 385, 211, 387, 211,
       391, 209, 391, 207, 395, 203, 398, 201, 400, 199, 404, 197, 406,
       195, 409, 193, 412, 191, 416, 189, 418, 189, 425, 189, 427, 187,
       430, 187, 434, 187, 437, 185, 439, 185, 443, 183, 567, 201, 565,
       197, 567, 201, 565, 199, 567, 201, 564, 195, 565, 197, 567, 201,
       567, 201, 567, 201, 569, 205, 569, 205, 565, 199, 565, 197, 565,
       199, 565, 197, 565, 199, 567, 201, 565, 199, 567, 201, 567, 201,
       565, 197, 567, 201, 567, 201, 569, 205, 567, 201, 567, 201, 567,
       201, 567, 201, 567, 201, 567, 201, 567, 201, 567, 201, 567, 201,
       569, 205, 569, 205, 571, 207, 567, 201, 567, 201, 573, 211, 573,
       211, 567, 201, 571, 207, 574, 211, 571, 207, 567, 201, 567, 201,
       569, 205, 569, 205, 569, 205, 569, 205, 567, 201, 569, 205, 570,
       205, 569, 205, 573, 211, 573, 211, 569, 205, 569, 205, 569, 205,
       565, 199, 569, 205, 569, 205, 573, 211, 567, 201, 567, 201, 573,
       211, 573, 211, 567, 201, 570, 205, 567, 201, 571, 207, 567, 201,
       570, 205, 567, 201, 567, 201, 570, 205, 567, 201, 567, 201, 567,
       201, 567, 201, 565, 197, 569, 205, 567, 201, 571, 207, 569, 205,
       567, 201, 567, 201, 569, 205, 569, 205, 569, 205, 570, 205, 567,
