%YAML:1.0
fingertip: !!opencv-matrix
   rows: 843
   cols: 1
   dt: "2i"
   data: [ 426, 211, 425, 211, 425, 213, 423, 215, 425, 215, 426, 217,
       427, 217, 427, 219, 427, 219, 427, 221, 427, 223, 428, 223, 430,
       223, 430, 223, 432, 225, 435, 223, 437, 223, 440, 223, 445, 225,
       446, 225, 448, 225, 449, 225, 451, 225, 455, 223, 457, 223, 459,
       223, 462, 223, 466, 223, 471, 225, 473, 225, 477, 225, 481, 225,
       486, 225, 489, 229, 494, 231, 496, 231, 500, 233, 503, 233, 504,
       235, 507, 235, 510, 235, 513, 236, 514, 237, 517, 237, 519, 237,
       522, 237, 525, 239, 526, 239, 529, 239, 529, 241, 531, 243, 533,
       245, 533, 246, 538, 247, 541, 247, 542, 247, 546, 249, 548, 249,
       550, 249, 552, 249, 555, 249, 555, 251, 558, 251, 559, 251, 561,
       251, 563, 251, 563, 253, 564, 253, 568, 253, 571, 251, 575, 250,
       574, 251, 573, 252, 574, 253, 573, 255, 574, 255, 574, 257, 573,
       257, 571, 259, 570, 261, 568, 263, 569, 263, 571, 263, 570, 265,
       570, 265, 569, 267, 569, 269, 567, 270, 568, 271, 569, 273, 568,
       273, 571, 273, 572, 273, 573, 273, 573, 275, 575, 275, 576, 275,
       578, 275, 579, 275, 579, 277, 580, 277, 580, 279, 581, 279, 580,
       281, 580, 283, 579, 285, 578, 287, 577, 287, 575, 289, 575, 291,
       574, 293, 574, 295, 573, 297, 573, 298, 574, 299, 574, 301, 572,
       303, 571, 305, 569, 307, 570, 309, 568, 311, 566, 313, 566, 315,
       565, 317, 565, 317, 564, 319, 564, 321, 563, 323, 562, 325, 561,
       327, 559, 329, 556, 333, 555, 335, 553, 335, 551, 337, 548, 337,
       544, 339, 540, 341, 537, 343, 533, 345, 531, 347, 527, 349, 525,
       349, 524, 351, 521, 353, 519, 351, 518, 353, 526, 355, 515, 357,
       513, 359, 512, 357, 511, 359, 509, 359, 507, 359, 503, 359, 502,
       359, 500, 359, 497, 361, 496, 361, 493, 361, 491, 361, 488, 361,
       485, 363, 482, 363, 480, 363, 478, 363, 477, 363, 475, 363, 471,
       365, 469, 365, 463, 367, 462, 367, 461, 367, 461, 367, 458, 367,
       457, 367, 450, 368, 449, 368, 445, 369, 445, 369, 445, 367, 442,
       363, 439, 363, 435, 363, 433, 361, 431, 361, 428, 359, 425, 359,
       421, 359, 418, 359, 418, 359, 417, 359, 415, 359, 415, 359, 413,
       357, 412, 357, 411, 355, 409, 355, 407, 353, 406, 353, 403, 351,
       402, 351, 400, 349, 398, 349, 396, 347, 396, 347, 394, 345, 394,
       345, 393, 344, 393, 343, 391, 343, 390, 341, 390, 341, 390, 339,
       389, 340, 389, 335, 389, 333, 388, 333, 387, 333, 388, 331, 388,
       329, 386, 329, 385, 327, 385, 327, 385, 325, 383, 325, 382, 323,
       382, 321, 379, 321, 380, 319, 380, 317, 381, 317, 379, 315, 378,
       315, 378, 313, 377, 313, 378, 311, 377, 309, 379, 309, 376, 307,
       376, 307, 376, 305, 377, 305, 377, 303, 376, 303, 376, 303, 377,
       299, 376, 297, 378, 295, 377, 295, 377, 293, 377, 291, 377, 289,
       379, 287, 378, 287, 380, 285, 378, 285, 378, 283, 377, 281, 377,
       281, 377, 279, 377, 277, 378, 275, 379, 271, 378, 269, 381, 267,
       382, 265, 384, 263, 385, 263, 385, 263, 386, 263, 389, 261, 390,
       261, 391, 261, 396, 259, 397, 259, 402, 257, 410, 257, 413, 257,
       418, 255, 424, 253, 427, 251, 431, 251, 435, 251, 443, 249, 448,
       247, 454, 247, 463, 247, 468, 247, 472, 247, 479, 247, 482, 247,
       489, 249, 489, 251, 489, 251, 491, 251, 493, 251, 492, 251, 489,
       253, 490, 253, 489, 253, 487, 251, 485, 251, 481, 249, 476, 249,
       474, 249, 469, 249, 464, 247, 457, 245, 451, 245, 444, 245, 438,
       247, 433, 245, 427, 245, 421, 245, 413, 245, 410, 245, 394, 241,
       388, 239, 380, 239, 370, 237, 358, 233, 334, 231, 328, 231, 324,
       229, 318, 229, 312, 229, 307, 227, 303, 227, 297, 229, 296, 229,
       292, 229, 288, 229, 283, 229, 279, 229, 277, 229, 275, 229, 272,
       231, 270, 231, 267, 233, 268, 233, 267, 233, 258, 231, 255, 231,
       252, 231, 248, 231, 247, 231, 245, 229, 242, 229, 236, 227, 230,
       227, 226, 227, 224, 225, 223, 225, 224, 225, 220, 225, 216, 227,
       215, 227, 213, 229, 209, 229, 209, 229, 207, 233, 210, 237, 212,
       243, 211, 247, 212, 249, 214, 251, 218, 253, 221, 259, 220, 259,
       219, 261, 222, 263, 225, 265, 229, 269, 235, 275, 236, 277, 237,
       279, 243, 283, 245, 287, 250, 293, 258, 299, 263, 303, 265, 307,
       269, 309, 274, 313, 276, 313, 277, 315, 278, 317, 278, 317, 278,
       319, 280, 321, 281, 321, 280, 323, 282, 325, 282, 325, 283, 327,
       284, 329, 285, 329, 286, 331, 286, 333, 289, 335, 288, 340, 289,
       341, 290, 341, 293, 343, 295, 343, 295, 343, 296, 345, 297, 347,
       298, 347, 299, 349, 304, 349, 310, 351, 313, 353, 316, 355, 318,
       357, 318, 359, 320, 359, 320, 361, 321, 363, 324, 363, 324, 363,
       326, 365, 329, 367, 331, 369, 331, 371, 331, 373, 332, 375, 333,
       371, 333, 379, 333, 379, 336, 381, 339, 383, 339, 383, 339, 385,
       339, 385, 339, 385, 339, 387, 339, 387, 340, 387, 340, 387, 340,
       389, 341, 390, 341, 393, 342, 393, 343, 393, 341, 395, 342, 395,
       342, 395, 344, 395, 342, 395, 341, 395, 341, 395, 343, 394, 341,
       395, 342, 393, 343, 393, 342, 393, 342, 393, 342, 393, 341, 393,
       340, 391, 339, 391, 337, 389, 338, 387, 337, 387, 339, 387, 336,
       385, 336, 385, 337, 385, 331, 383, 329, 381, 328, 379, 328, 379,
       324, 375, 320, 373, 318, 371, 316, 369, 316, 367, 315, 365, 313,
       365, 312, 361, 309, 361, 305, 359, 302, 357, 300, 355, 296, 355,
       296, 353, 295, 353, 293, 351, 293, 349, 292, 349, 292, 349, 291,
       349, 290, 347, 288, 347, 288, 347, 287, 346, 285, 345, 284, 345,
       282, 345, 280, 343, 280, 341, 276, 341, 272, 337, 270, 335, 265,
       335, 259, 335, 256, 335, 254, 333, 250, 333, 247, 331, 243, 329,
       238, 327, 234, 325, 229, 323, 227, 319, 225, 317, 219, 315, 213,
       313, 211, 311, 210, 311, 207, 311, 208, 309, 206, 307, 203, 306,
       201, 305, 201, 303, 200, 303, 198, 301, 197, 300, 196, 299, 195,
       297, 194, 297, 192, 295, 191, 293, 190, 293, 190, 291, 185, 289,
       181, 289, 178, 287, 174, 285, 172, 285, 170, 285, 167, 285, 163,
       285, 164, 284, 161, 283, 161, 283, 158, 281, 156, 281, 154, 279,
       149, 277, 147, 277, 142, 277, 137, 275, 133, 275, 129, 275, 124,
       275, 121, 275, 117, 275, 116, 275, 114, 275, 113, 275, 112, 275,
       110, 273, 108, 272, 107, 271, 104, 269, 102, 267, 103, 265, 100,
       261, 97, 261, 99, 259, 96, 259, 95, 257, 94, 257, 93, 257, 93,
       257, 91, 257, 91, 257, 89, 257, 90, 257, 88, 257, 89, 257, 88,
       257, 87, 257, 85, 257, 84, 257, 81, 255, 79, 255, 77, 255, 76,
       253, 73, 253, 73, 255, 73, 253, 73, 255, 72, 253, 72, 253, 71,
       253, 71, 251, 71, 251, 73, 251, 71, 251, 72, 251, 73, 251, 74,
       251, 73, 251, 72, 251, 72, 249, 74, 249, 68, 249, 69, 247, 69,
       247, 67, 247, 67, 247, 65, 247, 64, 249, 63, 249, 62, 249, 61,
       251, 64, 251, 65, 251, 71, 251, 73, 251, 78, 253, 78, 253, 87,
       255, 90, 255, 93, 255, 97, 257, 139, 273, 142, 273, 149, 275, 154,
       279, 157, 281, 159, 283, 162, 283, 164, 283, 167, 285, 169, 285,
       173, 285, 178, 289, 185, 291, 189, 293, 191, 295, 193, 299, 197,
       300, 199, 301, 202, 303, 203, 305, 209, 307, 209, 307, 212, 309,
       212, 311, 216, 311, 220, 313, 222, 315, 223, 317, 224, 319, 223,
       319, 224, 321, 224, 323, 225, 325, 225, 327, 225, 327, 225, 329,
       224, 331, 225, 331, 224, 333, 225, 333, 224, 335, 225, 337, 224,
       337, 223, 339, 224, 339, 223, 339, 223, 339, 222, 339, 218, 339,
       215, 339, 213, 339, 213, 339, 211, 341, 211, 341, 210, 341, 208,
       343, 210, 345, 209, 347, 207, 348, 207, 349, 205, 349, 206, 350,
       203, 351, 203, 351, 202, 352, 202, 353, 201, 355, 201, 357, 200,
       357, 199, 359, 198, 360, 196, 361, 195, 363, 192, 363, 190, 364,
       188, 363, 185, 364, 183, 363, 181, 363, 179, 361, 172, 359, 169,
       359, 166, 359, 163, 359, 159, 359, 157, 359, 156, 359, 152, 359,
