%YAML:1.0
fingertip: !!opencv-matrix
   rows: 552
   cols: 1
   dt: "2i"
   data: [ 566, 191, 578, 215, 513, 183, 570, 201, 513, 181, 516, 181,
       577, 215, 563, 183, 578, 215, 577, 215, 577, 215, 578, 215, 521,
       178, 571, 207, 525, 177, 577, 217, 561, 179, 577, 215, 563, 179,
       577, 215, 577, 217, 528, 173, 526, 173, 567, 181, 577, 215, 525,
       174, 537, 175, 577, 215, 571, 197, 541, 176, 560, 177, 562, 181,
       545, 178, 561, 181, 567, 185, 540, 181, 577, 215, 577, 215, 577,
       215, 577, 217, 563, 195, 557, 185, 577, 215, 577, 215, 577, 215,
       567, 195, 570, 199, 577, 215, 577, 217, 577, 215, 577, 215, 577,
       215, 577, 215, 577, 217, 577, 215, 577, 215, 577, 217, 577, 215,
       577, 215, 577, 215, 577, 215, 577, 215, 577, 215, 577, 215, 559,
       215, 543, 217, 542, 217, 541, 219, 539, 220, 539, 221, 538, 222,
       537, 223, 536, 225, 534, 227, 532, 228, 531, 229, 530, 231, 529,
       231, 528, 232, 527, 233, 526, 234, 525, 235, 525, 237, 523, 238,
       522, 239, 521, 240, 518, 242, 517, 244, 515, 246, 513, 247, 511,
       249, 509, 251, 506, 253, 503, 255, 499, 255, 496, 257, 496, 257,
       492, 259, 490, 259, 489, 261, 486, 261, 485, 263, 483, 263, 481,
       265, 479, 265, 461, 267, 475, 267, 475, 267, 474, 269, 471, 269,
       471, 269, 470, 271, 467, 272, 466, 273, 459, 275, 457, 275, 453,
       277, 451, 278, 448, 279, 445, 281, 442, 282, 439, 284, 437, 285,
       435, 287, 432, 288, 428, 289, 425, 291, 422, 291, 419, 293, 415,
       293, 412, 293, 409, 293, 407, 295, 404, 295, 401, 295, 399, 295,
       391, 297, 393, 297, 393, 297, 392, 299, 390, 299, 387, 299, 387,
       299, 383, 300, 381, 300, 379, 300, 377, 301, 376, 301, 373, 301,
       371, 302, 368, 302, 366, 302, 363, 303, 360, 303, 359, 303, 357,
       302, 355, 302, 355, 301, 352, 301, 349, 301, 347, 301, 344, 299,
       343, 299, 341, 299, 340, 297, 341, 297, 342, 295, 342, 295, 344,
       293, 346, 289, 346, 287, 349, 285, 348, 281, 345, 279, 342, 277,
       339, 277, 340, 273, 340, 271, 339, 269, 341, 267, 344, 263, 347,
       261, 350, 257, 356, 255, 363, 251, 368, 249, 379, 243, 386, 239,
       394, 235, 403, 231, 409, 227, 416, 223, 424, 218, 432, 213, 577,
       215, 447, 203, 509, 199, 571, 207, 518, 195, 516, 191, 519, 189,
       577, 215, 577, 215, 486, 183, 528, 181, 530, 180, 577, 215, 532,
       180, 569, 183, 532, 181, 577, 215, 530, 183, 577, 215, 561, 189,
       483, 185, 520, 186, 516, 187, 567, 195, 514, 188, 510, 188, 577,
       215, 506, 187, 577, 215, 571, 207, 502, 185, 433, 185, 429, 185,
       424, 185, 419, 185, 415, 185, 409, 185, 402, 185, 396, 185, 389,
       185, 385, 185, 384, 187, 379, 186, 373, 186, 370, 186, 366, 185,
       360, 187, 357, 187, 353, 187, 347, 187, 343, 189, 334, 189, 329,
       190, 325, 191, 320, 193, 316, 193, 312, 195, 309, 195, 304, 195,
       301, 195, 297, 195, 293, 195, 289, 193, 286, 193, 283, 193, 277,
       193, 272, 195, 266, 195, 263, 195, 257, 195, 250, 195, 243, 193,
       241, 193, 240, 191, 242, 193, 243, 193, 245, 195, 244, 197, 242,
       199, 242, 201, 240, 205, 242, 207, 243, 211, 244, 213, 244, 217,
       242, 221, 241, 225, 243, 227, 243, 233, 243, 237, 246, 241, 248,
       243, 249, 247, 250, 249, 250, 251, 250, 253, 252, 255, 252, 257,
       252, 261, 254, 261, 254, 265, 253, 267, 259, 269, 261, 271, 263,
       275, 266, 277, 267, 281, 269, 283, 270, 287, 270, 289, 271, 291,
       272, 293, 273, 295, 273, 297, 273, 299, 273, 301, 273, 303, 272,
       303, 272, 305, 272, 307, 275, 309, 276, 311, 278, 313, 279, 315,
       280, 317, 280, 319, 281, 321, 281, 321, 282, 323, 283, 323, 283,
       325, 284, 325, 285, 325, 285, 327, 286, 327, 285, 327, 287, 327,
       290, 329, 290, 329, 290, 331, 290, 331, 291, 331, 291, 331, 291,
       331, 291, 331, 291, 331, 291, 331, 291, 331, 291, 329, 291, 329,
       290, 327, 287, 327, 287, 325, 286, 323, 286, 321, 286, 319, 286,
       317, 285, 315, 285, 311, 284, 309, 282, 305, 281, 301, 278, 297,
       274, 293, 268, 289, 263, 287, 256, 283, 245, 275, 238, 271, 231,
       270, 229, 267, 223, 265, 218, 262, 215, 259, 211, 257, 205, 253,
       197, 251, 192, 249, 185, 249, 181, 247, 177, 245, 173, 243, 166,
       240, 163, 237, 159, 235, 151, 231, 146, 227, 141, 225, 138, 223,
       133, 220, 129, 217, 124, 215, 120, 212, 117, 209, 114, 205, 111,
       203, 102, 201, 123, 198, 109, 197, 87, 193, 80, 191, 74, 189, 85,
       187, 84, 187, 61, 187, 81, 187, 79, 187, 78, 187, 77, 187, 76,
       187, 75, 187, 49, 189, 49, 189, 50, 189, 51, 189, 53, 189, 56,
       189, 59, 191, 85, 193, 91, 196, 91, 197, 83, 199, 87, 200, 121,
       201, 97, 203, 107, 203, 113, 204, 118, 204, 124, 205, 130, 207,
       138, 209, 154, 213, 154, 215, 155, 219, 171, 221, 177, 224, 184,
       227, 192, 231, 198, 233, 202, 237, 212, 241, 216, 245, 220, 249,
       224, 251, 225, 255, 226, 257, 225, 260, 227, 263, 225, 266, 226,
       269, 224, 271, 221, 273, 219, 275, 213, 279, 214, 281, 208, 281,
       207, 283, 203, 284, 201, 285, 199, 287, 195, 287, 191, 288, 188,
       289, 184, 289, 180, 290, 176, 291, 173, 291, 168, 291, 164, 293,
       158, 293, 153, 293, 148, 295, 143, 297, 138, 297, 132, 299, 127,
       303, 128, 305, 122, 305, 117, 306, 114, 308, 111, 310, 118, 312,
       105, 313, 102, 315, 98, 316, 96, 317, 93, 318, 92, 319, 91, 319,
       91, 320, 91, 321, 89, 321, 89, 323, 88, 324, 88, 325, 88, 327, 87,
       329, 87, 331, 87, 331, 87, 333, 87, 333, 86, 333, 87, 333, 90,
       333, 95, 334, 99, 334, 102, 335, 104, 335, 107, 335, 110, 335,
       116, 335, 123, 335, 127, 335, 135, 335, 141, 335, 144, 336, 150,
       336, 157, 337, 163, 337, 169, 337, 175, 338, 185, 337, 191, 337,
       195, 339, 199, 339, 206, 339, 209, 339, 214, 339, 218, 339, 221,
       339, 228, 341, 231, 343, 233, 343, 235, 344, 239, 345, 240, 345,
       243, 345, 245, 345, 247, 345, 250, 347, 251, 349, 251, 351, 251,
       351, 251, 353, 251, 353, 250, 355, 251, 355, 250, 355, 250, 355,
       251, 355, 250, 355, 250, 355, 250, 355, 251, 357, 251, 357, 251,
       357, 252, 357, 252, 359 ]
