%YAML:1.0
fingertip: !!opencv-matrix
   rows: 552
   cols: 1
   dt: "2i"
   data: [ 421, 249, 421, 248, 420, 247, 420, 247, 422, 246, 423, 245,
       424, 245, 425, 246, 425, 246, 425, 245, 427, 245, 429, 245, 431,
       244, 434, 243, 437, 243, 441, 242, 444, 241, 446, 241, 448, 241,
       451, 239, 451, 239, 452, 241, 454, 241, 458, 241, 462, 241, 466,
       243, 469, 243, 473, 243, 478, 245, 479, 245, 483, 247, 487, 247,
       489, 249, 493, 250, 496, 251, 498, 253, 503, 253, 506, 255, 510,
       255, 515, 255, 521, 257, 527, 257, 529, 259, 530, 261, 531, 263,
       531, 263, 532, 265, 532, 267, 535, 269, 534, 269, 534, 271, 536,
       271, 538, 273, 540, 274, 542, 275, 544, 276, 547, 277, 548, 278,
       549, 279, 550, 281, 550, 283, 551, 284, 552, 285, 554, 286, 553,
       287, 554, 288, 554, 289, 554, 290, 555, 291, 556, 292, 555, 293,
       555, 295, 554, 296, 553, 297, 552, 299, 551, 300, 551, 301, 551,
       301, 548, 302, 549, 303, 549, 304, 550, 305, 549, 307, 549, 307,
       548, 309, 547, 310, 546, 311, 544, 313, 544, 315, 541, 315, 540,
       317, 538, 319, 535, 319, 532, 321, 530, 323, 528, 323, 525, 325,
       523, 325, 521, 325, 519, 327, 517, 327, 516, 327, 513, 329, 512,
       329, 511, 329, 509, 331, 509, 331, 507, 331, 506, 331, 505, 333,
       504, 333, 504, 335, 500, 335, 496, 335, 490, 337, 488, 337, 484,
       338, 481, 339, 479, 340, 476, 341, 473, 343, 470, 343, 467, 345,
       464, 346, 461, 347, 458, 347, 455, 349, 451, 349, 447, 349, 443,
       349, 438, 349, 435, 349, 431, 349, 429, 349, 425, 349, 423, 349,
       419, 351, 417, 351, 414, 351, 413, 351, 409, 352, 407, 352, 404,
       352, 402, 352, 398, 352, 396, 352, 394, 352, 391, 352, 388, 352,
       384, 353, 380, 353, 379, 352, 374, 351, 370, 351, 367, 351, 365,
       349, 362, 349, 359, 349, 354, 349, 349, 349, 345, 347, 341, 347,
       339, 347, 337, 345, 335, 345, 335, 343, 334, 343, 335, 341, 335,
       339, 335, 337, 334, 335, 332, 333, 330, 331, 325, 327, 319, 325,
       317, 323, 314, 321, 312, 319, 312, 317, 311, 315, 311, 313, 315,
       309, 319, 307, 323, 305, 328, 303, 330, 301, 338, 297, 345, 293,
       351, 291, 358, 287, 365, 283, 371, 281, 375, 277, 383, 273, 389,
       269, 395, 265, 400, 261, 405, 259, 410, 258, 411, 257, 415, 255,
       420, 253, 425, 251, 431, 250, 435, 249, 440, 249, 443, 249, 445,
       249, 446, 249, 446, 251, 444, 251, 440, 253, 435, 253, 430, 253,
       423, 253, 417, 253, 411, 253, 406, 253, 399, 253, 395, 251, 391,
       251, 388, 249, 385, 249, 382, 247, 377, 247, 373, 247, 369, 247,
       364, 247, 360, 245, 354, 245, 346, 245, 340, 243, 333, 243, 328,
       243, 323, 245, 321, 243, 319, 243, 314, 243, 311, 243, 307, 243,
       302, 243, 296, 243, 290, 243, 285, 243, 279, 243, 274, 244, 271,
       245, 268, 245, 265, 245, 261, 247, 259, 247, 255, 247, 251, 247,
       248, 245, 245, 245, 240, 243, 237, 243, 233, 243, 228, 243, 225,
       243, 220, 243, 216, 243, 212, 243, 206, 242, 199, 241, 196, 239,
       195, 239, 195, 239, 197, 239, 198, 241, 198, 243, 199, 245, 199,
       247, 198, 249, 199, 252, 200, 255, 201, 257, 205, 259, 204, 263,
       204, 265, 205, 269, 208, 273, 211, 275, 215, 279, 216, 285, 219,
       287, 220, 289, 222, 291, 222, 293, 225, 295, 227, 297, 229, 297,
       232, 301, 235, 303, 238, 305, 240, 307, 243, 311, 247, 315, 252,
       317, 256, 321, 257, 323, 260, 325, 263, 327, 266, 329, 268, 331,
       271, 333, 273, 335, 274, 337, 276, 339, 275, 341, 276, 343, 277,
       344, 279, 346, 282, 348, 285, 350, 288, 352, 290, 355, 292, 356,
       293, 358, 295, 359, 297, 361, 298, 361, 299, 363, 301, 363, 302,
       363, 304, 365, 304, 365, 307, 365, 307, 365, 309, 367, 314, 367,
       317, 369, 318, 369, 318, 369, 318, 369, 317, 369, 318, 369, 318,
       369, 318, 369, 317, 369, 318, 369, 317, 369, 317, 369, 316, 367,
       312, 367, 309, 365, 309, 363, 306, 361, 304, 359, 302, 357, 300,
       355, 297, 353, 296, 351, 293, 347, 290, 345, 286, 341, 281, 335,
       274, 331, 265, 327, 258, 323, 252, 321, 244, 317, 237, 313, 230,
       307, 222, 305, 217, 302, 211, 299, 206, 297, 200, 294, 195, 291,
       190, 289, 181, 287, 176, 285, 169, 283, 163, 280, 158, 278, 153,
       275, 148, 271, 141, 269, 136, 267, 130, 263, 124, 261, 119, 257,
       114, 255, 110, 251, 105, 249, 100, 247, 95, 243, 91, 241, 85, 239,
       80, 235, 75, 233, 71, 233, 66, 229, 59, 227, 55, 225, 49, 223, 45,
       222, 41, 221, 38, 221, 37, 221, 34, 221, 31, 221, 31, 221, 29,
       221, 29, 222, 27, 223, 26, 223, 27, 223, 28, 223, 31, 224, 36,
       226, 40, 229, 46, 231, 49, 233, 53, 235, 57, 235, 61, 237, 66,
       239, 72, 239, 75, 239, 79, 241, 84, 243, 90, 245, 99, 247, 105,
       249, 111, 253, 120, 257, 127, 261, 135, 263, 142, 267, 151, 269,
       159, 274, 166, 278, 172, 282, 178, 285, 185, 287, 188, 291, 191,
       294, 193, 297, 195, 299, 197, 302, 198, 305, 199, 307, 200, 309,
       198, 311, 196, 313, 195, 313, 192, 313, 191, 315, 190, 315, 188,
       317, 186, 317, 183, 319, 181, 319, 180, 319, 177, 319, 173, 319,
       171, 319, 168, 319, 165, 320, 161, 320, 157, 321, 153, 321, 150,
       321, 146, 321, 145, 322, 141, 323, 138, 323, 135, 323, 132, 325,
       130, 325, 128, 327, 126, 329, 124, 329, 123, 331, 121, 331, 119,
       333, 118, 333, 116, 333, 115, 335, 114, 335, 115, 335, 115, 335,
       116, 335, 117, 337, 117, 337, 118, 339, 118, 341, 119, 341, 120,
       343, 120, 345, 121, 345, 121, 345, 123, 345, 123, 347, 126, 347,
       130, 347, 137, 349, 139, 349, 142, 349, 145, 350, 149, 351, 154,
       351, 159, 351, 164, 353, 169, 353, 175, 353, 181, 355, 183, 357,
       187, 357, 192, 359, 198, 360, 203, 361, 208, 362, 213, 363, 217,
       365, 218, 365, 222, 365, 229, 365, 233, 365, 237, 367, 241, 367,
       245, 369, 247, 369, 251, 371, 256, 373, 259, 373, 261, 375, 263,
       375, 266, 377, 269, 377, 271, 379, 273, 379, 275, 381, 276, 383,
       276, 383, 277, 385, 276, 385, 276, 387, 276, 387, 276, 387, 276,
       387, 276, 387, 276, 387, 276, 387, 277, 389, 276, 389, 276, 389,
       276, 389, 277, 389, 277, 391 ]
