%YAML:1.0
fingertip: !!opencv-matrix
   rows: 687
   cols: 1
   dt: "2i"
   data: [ 402, 279, 401, 277, 400, 279, 401, 277, 401, 277, 401, 277,
       401, 278, 400, 277, 400, 277, 400, 277, 402, 279, 402, 279, 400,
       279, 401, 281, 402, 283, 402, 285, 403, 289, 405, 291, 406, 293,
       407, 297, 410, 299, 418, 305, 419, 309, 420, 311, 421, 315, 421,
       319, 421, 325, 422, 325, 422, 329, 423, 329, 425, 331, 425, 331,
       425, 333, 427, 333, 429, 335, 430, 337, 433, 337, 434, 339, 436,
       341, 438, 343, 438, 345, 439, 347, 441, 349, 440, 351, 442, 351,
       443, 353, 443, 355, 446, 357, 449, 359, 449, 361, 451, 363, 452,
       363, 452, 369, 455, 369, 456, 371, 457, 371, 459, 373, 461, 373,
       462, 373, 463, 375, 463, 375, 466, 373, 468, 371, 467, 373, 468,
       373, 465, 375, 467, 375, 469, 373, 470, 373, 472, 373, 471, 373,
       471, 373, 470, 373, 467, 375, 468, 375, 467, 375, 467, 375, 467,
       375, 471, 373, 470, 373, 469, 373, 469, 373, 469, 373, 469, 373,
       470, 373, 469, 373, 469, 373, 469, 373, 469, 373, 467, 373, 469,
       371, 469, 371, 471, 371, 469, 371, 469, 371, 470, 369, 470, 369,
       471, 369, 471, 367, 470, 367, 468, 367, 465, 367, 462, 367, 467,
       365, 466, 365, 461, 367, 461, 367, 464, 361, 465, 361, 467, 361,
       466, 359, 464, 357, 466, 357, 465, 357, 464, 355, 463, 353, 464,
       353, 464, 353, 465, 353, 461, 351, 460, 349, 459, 349, 458, 347,
       455, 347, 453, 345, 452, 345, 450, 343, 448, 341, 447, 341, 444,
       341, 441, 339, 438, 337, 435, 337, 432, 335, 428, 333, 426, 331,
       423, 331, 421, 330, 416, 327, 411, 327, 407, 325, 404, 325, 401,
       325, 398, 323, 394, 321, 388, 321, 383, 319, 377, 319, 370, 321,
       369, 321, 365, 319, 360, 317, 353, 319, 356, 319, 354, 317, 351,
       317, 352, 317, 350, 317, 348, 319, 347, 318, 345, 319, 344, 319,
       342, 321, 342, 323, 342, 325, 344, 325, 346, 327, 345, 331, 347,
       333, 350, 333, 353, 337, 354, 339, 355, 341, 354, 341, 357, 343,
       358, 345, 364, 347, 367, 349, 373, 351, 379, 355, 381, 357, 381,
       359, 383, 360, 383, 361, 384, 361, 382, 363, 383, 363, 382, 365,
       383, 365, 382, 367, 382, 367, 382, 369, 382, 369, 381, 371, 381,
       371, 379, 371, 382, 373, 382, 373, 380, 373, 382, 373, 380, 375,
       377, 379, 382, 377, 381, 379, 384, 379, 384, 381, 386, 383, 388,
       383, 390, 383, 392, 383, 392, 385, 390, 385, 389, 385, 389, 387,
       386, 387, 382, 389, 379, 391, 376, 391, 374, 393, 372, 393, 369,
       393, 365, 393, 362, 393, 357, 393, 354, 393, 351, 393, 347, 391,
       344, 391, 341, 389, 333, 385, 326, 385, 324, 383, 323, 383, 320,
       381, 317, 381, 315, 381, 313, 381, 309, 381, 306, 379, 305, 377,
       301, 375, 299, 373, 297, 371, 292, 365, 287, 363, 284, 359, 283,
       357, 284, 353, 283, 351, 281, 347, 282, 345, 283, 343, 283, 341,
       284, 339, 284, 335, 285, 333, 287, 331, 289, 329, 292, 327, 297,
       327, 299, 325, 300, 323, 304, 321, 305, 321, 311, 319, 314, 317,
       319, 317, 324, 317, 335, 319, 339, 323, 341, 323, 344, 325, 349,
       327, 351, 327, 351, 331, 355, 331, 360, 333, 361, 335, 364, 337,
       365, 339, 364, 339, 365, 339, 363, 341, 362, 341, 361, 343, 362,
       345, 365, 347, 365, 349, 366, 351, 368, 353, 368, 355, 369, 357,
       373, 359, 373, 361, 373, 363, 373, 365, 371, 367, 371, 369, 372,
       371, 371, 371, 370, 373, 371, 378, 368, 377, 367, 379, 363, 379,
       362, 379, 357, 380, 356, 380, 355, 380, 355, 380, 351, 379, 346,
       377, 344, 377, 340, 377, 339, 377, 338, 377, 333, 379, 333, 379,
       331, 379, 329, 379, 327, 379, 325, 379, 323, 379, 319, 381, 315,
       381, 314, 381, 311, 380, 308, 379, 305, 379, 302, 379, 301, 377,
       299, 375, 298, 375, 297, 373, 294, 371, 291, 369, 287, 369, 283,
       369, 281, 367, 277, 367, 273, 365, 270, 363, 269, 363, 265, 361,
       260, 359, 259, 357, 254, 357, 252, 355, 250, 353, 248, 351, 245,
       351, 244, 349, 243, 347, 242, 345, 238, 343, 236, 341, 235, 339,
       231, 335, 229, 333, 226, 329, 223, 325, 219, 323, 217, 319, 214,
       315, 212, 313, 209, 311, 208, 307, 204, 305, 202, 301, 200, 297,
       198, 295, 195, 293, 196, 289, 193, 287, 192, 285, 192, 281, 190,
       279, 190, 275, 186, 271, 186, 269, 186, 267, 186, 265, 189, 263,
       190, 261, 192, 261, 191, 261, 189, 261, 191, 261, 190, 263, 190,
       263, 190, 265, 190, 267, 191, 269, 191, 271, 193, 273, 196, 275,
       197, 277, 197, 279, 199, 281, 199, 285, 202, 287, 207, 291, 208,
       295, 210, 299, 213, 301, 219, 307, 225, 309, 229, 313, 230, 315,
       232, 317, 232, 321, 235, 323, 239, 327, 241, 329, 244, 333, 249,
       335, 251, 337, 252, 339, 255, 341, 256, 343, 257, 347, 259, 347,
       263, 349, 265, 351, 267, 353, 270, 357, 273, 359, 275, 361, 278,
       363, 279, 365, 279, 367, 282, 367, 282, 369, 282, 371, 283, 373,
       283, 373, 282, 373, 282, 375, 279, 375, 277, 377, 273, 375, 274,
       377, 273, 377, 269, 377, 268, 377, 264, 377, 261, 377, 258, 375,
       254, 375, 251, 375, 246, 373, 243, 373, 240, 371, 236, 369, 233,
       367, 230, 365, 226, 363, 223, 361, 220, 359, 214, 357, 211, 355,
       207, 351, 204, 347, 202, 345, 200, 343, 197, 339, 194, 337, 192,
       335, 189, 331, 185, 329, 182, 325, 181, 321, 177, 317, 175, 313,
       173, 309, 169, 307, 168, 303, 164, 299, 162, 295, 161, 289, 162,
       283, 160, 279, 161, 275, 157, 271, 158, 269, 154, 267, 152, 263,
       150, 261, 147, 259, 147, 259, 147, 259, 147, 259, 149, 259, 150,
       259, 149, 259, 150, 257, 151, 257, 152, 259, 155, 261, 157, 261,
       161, 263, 165, 263, 168, 265, 173, 267, 177, 271, 179, 275, 183,
       277, 186, 281, 188, 283, 191, 287, 193, 291, 197, 295, 202, 299,
       205, 305, 211, 309, 215, 315, 219, 321, 224, 325, 228, 329, 232,
       333, 237, 337, 238, 339, 241, 341, 243, 345, 245, 347, 246, 349,
       247, 349, 249, 351, 250, 353, 251, 357, 255, 357, 257, 359, 259,
       361, 260, 363, 261, 365, 264, 367, 265, 369, 265, 371, 266, 373,
       266, 373, 266, 375, 265, 377, 265, 379, 263, 381, 262, 381, 261,
       381, 261, 383, 259, 385, 258, 385, 257, 387, 254, 387, 252, 387,
       247, 387, 244, 387, 241, 387, 237, 387, 234, 387, 230, 387, 225,
       387, 223, 385, 219, 383, 215, 381, 210, 381, 205, 381, 201, 379,
       197, 377, 192, 377, 189, 375, 184, 375, 181, 375, 176, 373, 171,
       371, 167, 371, 159, 367, 137, 359, 132, 355, 128, 353, 124, 351,
       118, 345, 118, 343, 115, 339, 113, 335, 110, 331, 108, 327, 107,
       323, 107, 323, 107, 321, 105, 317, 107, 315, 106, 313, 108, 309,
       108, 307, 110, 307, 111, 305, 111, 305, 109, 303, 108, 303, 105,
       299, 101, 297, 100, 295, 102, 293, 103, 291, 105, 291, 105, 289,
       108, 289, 112, 291, 117, 293, 124, 297, 129, 297, 133, 301, 137,
       303, 140, 305, 145, 309, 150, 313, 156, 317, 160, 321, 164, 325,
       169, 331, 174, 333, 180, 337, 184, 339, 189, 341, 192, 345, 197,
       347, 199, 349, 201, 351, 204, 353, 205, 355, 207, 357, 209, 359,
       211, 361, 208, 363, 208, 365, 204, 367, 200, 367, 196, 369, 190,
       369, 186, 371, 183, 371, 179, 373, 175, 373, 171, 373, 168, 375,
       165, 375, 159, 375, 152, 375, 146, 375, 140, 375, 133, 375, 129,
       375, 123, 375, 117, 373, 110, 371, 106, 371, 101, 369, 97, 369,
       93, 367, 91, 365, 89, 365, 86, 361, 82, 359, 81, 357, 80, 355, 81,
       353, 80, 351, 82, 349, 83, 345, 83, 343, 86, 341, 89, 339, 92,
       337, 95, 337, 100, 337, 105, 337, 109, 339, 112, 339, 116, 339,
       119, 339, 124, 339, 129, 339, 133, 339, 136, 341, 142, 341, 152,
       349, 155, 355, 165, 357, 168, 355 ]
