%YAML:1.0
fingertip: !!opencv-matrix
   rows: 300
   cols: 1
   dt: "2i"
   data: [ 364, 237, 363, 237, 363, 237, 363, 237, 364, 237, 365, 239,
       365, 239, 367, 239, 370, 239, 373, 239, 376, 239, 379, 241, 381,
       240, 383, 239, 385, 239, 389, 239, 391, 239, 393, 239, 397, 238,
       401, 237, 407, 237, 414, 239, 421, 239, 428, 239, 434, 241, 439,
       241, 443, 241, 445, 241, 447, 241, 449, 241, 451, 241, 453, 239,
       455, 239, 458, 239, 461, 239, 464, 239, 469, 239, 473, 239, 479,
       239, 484, 241, 487, 241, 490, 243, 494, 244, 497, 245, 501, 247,
       503, 249, 507, 251, 509, 253, 513, 255, 515, 257, 517, 257, 519,
       259, 522, 259, 524, 261, 524, 263, 526, 263, 527, 265, 528, 265,
       529, 267, 529, 269, 530, 269, 530, 271, 530, 273, 531, 273, 531,
       275, 531, 277, 530, 279, 531, 281, 531, 283, 532, 285, 532, 286,
       530, 288, 529, 290, 527, 291, 526, 293, 526, 293, 526, 295, 525,
       296, 523, 297, 522, 299, 520, 299, 520, 299, 518, 301, 516, 301,
       513, 303, 510, 304, 506, 305, 503, 306, 500, 307, 496, 307, 492,
       307, 487, 307, 483, 307, 479, 307, 474, 307, 470, 307, 464, 309,
       458, 309, 454, 311, 452, 311, 448, 311, 444, 311, 441, 312, 435,
       312, 431, 312, 425, 313, 420, 313, 417, 312, 410, 311, 403, 311,
       398, 311, 393, 311, 388, 309, 383, 309, 378, 307, 374, 307, 371,
       307, 368, 305, 364, 303, 361, 303, 356, 301, 354, 299, 350, 297,
       345, 295, 341, 293, 337, 291, 329, 285, 325, 283, 322, 281, 320,
       279, 316, 277, 315, 273, 312, 271, 309, 267, 308, 265, 306, 263,
       305, 261, 305, 259, 304, 259, 302, 257, 300, 255, 300, 255, 300,
       253, 299, 253, 300, 251, 299, 249, 300, 249, 301, 247, 301, 247,
       303, 247, 302, 247, 301, 247, 301, 247, 300, 247, 301, 247, 302,
       245, 303, 244, 303, 242, 303, 239, 302, 237, 303, 235, 304, 233,
       305, 232, 305, 231, 304, 229, 305, 226, 305, 225, 306, 225, 306,
       225, 304, 227, 303, 227, 303, 227, 304, 229, 305, 230, 304, 231,
       303, 232, 302, 233, 302, 235, 303, 237, 304, 239, 305, 241, 307,
       245, 307, 249, 309, 251, 309, 255, 311, 257, 311, 261, 311, 265,
       312, 267, 312, 269, 311, 273, 311, 275, 310, 277, 310, 279, 310,
       281, 311, 283, 310, 285, 310, 287, 308, 289, 309, 289, 308, 291,
       308, 291, 307, 293, 307, 293, 307, 294, 307, 295, 307, 295, 307,
       295, 307, 295, 307, 295, 307, 295, 307, 296, 307, 297, 307, 297,
       306, 299, 306, 299, 306, 300, 306, 301, 306, 301, 307, 303, 308,
       303, 309, 303, 309, 305, 309, 305, 310, 305, 310, 305, 311, 305,
       311, 307, 311, 307, 310, 307, 309, 307, 308, 307, 307, 307, 306,
       307, 305, 307, 304, 307, 303, 307, 302, 307, 301, 307, 299, 307,
       299, 307, 298, 307, 298, 307, 296, 307, 294, 309, 292, 309, 290,
       309, 289, 309, 287, 309, 285, 309, 281, 309, 278, 309, 275, 307,
       273, 307, 269, 307, 267, 305, 263, 305, 259, 305, 255, 303, 251,
       303, 246, 303, 243, 303, 195, 283, 192, 282, 189, 281, 186, 281,
       184, 281, 181, 280, 179, 279, 177, 279, 175, 277, 173, 277, 170,
       275, 167, 273, 164, 271, 161, 271, 160, 269, 157, 267, 155, 267,
       154, 266, 153, 265, 152, 265, 151, 265, 149, 264, 147, 264, 146,
       263, 145, 263, 144, 263, 143, 263, 143, 263, 142, 263, 140, 263,
       140, 263, 137, 261, 136, 261, 136, 261, 136, 261, 134, 257, 132,
       255, 131, 253 ]
