%YAML:1.0
fingertip: !!opencv-matrix
   rows: 300
   cols: 1
   dt: "2i"
   data: [ 410, 177, 410, 177, 410, 177, 410, 177, 411, 177, 411, 177,
       411, 177, 413, 179, 415, 179, 419, 178, 422, 177, 425, 178, 428,
       178, 431, 178, 433, 177, 436, 177, 439, 175, 442, 175, 445, 175,
       448, 174, 453, 173, 458, 173, 465, 173, 472, 173, 478, 173, 483,
       173, 491, 173, 494, 173, 496, 173, 497, 173, 499, 172, 500, 171,
       503, 171, 505, 170, 508, 169, 510, 169, 514, 169, 517, 169, 521,
       170, 524, 171, 527, 171, 528, 172, 531, 173, 532, 175, 534, 177,
       535, 179, 536, 180, 537, 182, 539, 183, 539, 185, 540, 187, 539,
       188, 541, 189, 541, 190, 541, 191, 541, 193, 541, 194, 541, 195,
       540, 197, 540, 197, 539, 199, 538, 200, 537, 202, 537, 203, 535,
       205, 533, 207, 531, 210, 530, 211, 530, 213, 529, 215, 527, 217,
       525, 219, 523, 221, 520, 223, 517, 224, 515, 225, 514, 227, 512,
       228, 510, 229, 507, 231, 505, 233, 503, 233, 502, 234, 498, 235,
       495, 237, 492, 239, 489, 240, 485, 241, 480, 242, 477, 243, 472,
       244, 468, 245, 464, 245, 460, 246, 456, 247, 452, 247, 447, 249,
       442, 249, 440, 251, 436, 251, 433, 251, 430, 253, 427, 253, 422,
       253, 418, 255, 414, 255, 410, 256, 406, 257, 401, 257, 396, 257,
       391, 258, 387, 258, 383, 257, 380, 257, 376, 257, 373, 255, 371,
       255, 367, 253, 365, 253, 363, 253, 361, 251, 359, 250, 357, 248,
       355, 246, 350, 241, 348, 239, 346, 236, 345, 234, 343, 232, 342,
       229, 341, 227, 341, 223, 339, 217, 339, 215, 339, 213, 339, 211,
       339, 209, 340, 207, 340, 207, 340, 205, 340, 203, 340, 203, 341,
       201, 342, 199, 343, 197, 344, 195, 344, 193, 346, 193, 348, 192,
       349, 191, 349, 191, 349, 192, 349, 192, 349, 192, 349, 191, 351,
       191, 353, 189, 355, 185, 355, 183, 357, 179, 358, 177, 359, 175,
       360, 175, 361, 173, 361, 171, 362, 167, 364, 167, 365, 165, 364,
       167, 362, 167, 361, 169, 361, 169, 363, 171, 363, 173, 360, 173,
       358, 175, 355, 175, 355, 177, 354, 179, 355, 181, 354, 185, 353,
       189, 354, 193, 353, 197, 352, 201, 351, 205, 350, 209, 348, 211,
       346, 215, 345, 217, 343, 221, 341, 225, 338, 227, 335, 230, 333,
       232, 332, 234, 330, 236, 327, 238, 326, 239, 324, 241, 322, 241,
       320, 243, 318, 243, 316, 245, 314, 245, 312, 247, 311, 247, 309,
       247, 308, 249, 307, 249, 306, 249, 305, 249, 303, 251, 302, 251,
       301, 253, 299, 255, 297, 255, 297, 255, 296, 257, 296, 257, 296,
       259, 296, 259, 295, 261, 296, 261, 296, 261, 296, 261, 296, 261,
       295, 263, 295, 263, 294, 263, 293, 263, 291, 263, 290, 263, 288,
       263, 287, 265, 286, 265, 285, 263, 285, 263, 281, 265, 282, 265,
       281, 265, 280, 265, 279, 266, 279, 267, 277, 267, 276, 268, 275,
       269, 273, 269, 271, 269, 269, 270, 267, 270, 265, 270, 263, 270,
       262, 269, 260, 269, 258, 268, 255, 268, 253, 267, 250, 267, 246,
       267, 244, 266, 241, 265, 207, 247, 203, 246, 201, 245, 199, 245,
       199, 245, 197, 244, 194, 244, 193, 243, 191, 243, 190, 241, 189,
       240, 187, 239, 186, 237, 183, 235, 180, 233, 177, 231, 177, 231,
       175, 229, 175, 229, 173, 229, 174, 229, 171, 228, 170, 228, 171,
       227, 171, 227, 170, 227, 169, 227, 169, 227, 167, 228, 165, 228,
       166, 227, 164, 227, 162, 227, 162, 227, 162, 225, 160, 222, 160,
       219, 159, 217 ]
