%YAML:1.0
corners: !!opencv-matrix
   rows: 5
   cols: 5
   dt: "2f"
   data: [ 4.30403870e+002, 2.35456116e+002, 4.29855499e+002,
       2.65902893e+002, 4.29302979e+002, 2.98061981e+002,
       4.28477386e+002, 3.31033600e+002, 4.27628143e+002,
       3.66807556e+002, 3.92010681e+002, 2.37040176e+002,
       3.90419983e+002, 2.67447876e+002, 3.88569214e+002,
       2.99152100e+002, 3.86497070e+002, 3.31831573e+002,
       3.84426086e+002, 3.67516602e+002, 3.53673065e+002,
       2.38376831e+002, 3.50856323e+002, 2.68165649e+002,
       3.48190857e+002, 2.99882813e+002, 3.44723633e+002,
       3.32544678e+002, 3.41448120e+002, 3.67711517e+002,
       3.15910675e+002, 2.39107437e+002, 3.12218475e+002,
       2.68776031e+002, 3.08245544e+002, 3.00504211e+002,
       3.03730377e+002, 3.32793121e+002, 2.99242981e+002,
       3.67753632e+002, 2.78797058e+002, 2.39736221e+002,
       2.74017914e+002, 2.69300110e+002, 2.69108368e+002,
       3.00586212e+002, 2.63459045e+002, 3.32895386e+002,
       2.57861755e+002, 3.67633392e+002 ]
