%YAML:1.0
corners: !!opencv-matrix
   rows: 5
   cols: 5
   dt: "2f"
   data: [ 3.69796173e+002, 1.75807358e+002, 3.81757599e+002,
       2.04542557e+002, 3.94607147e+002, 2.34544922e+002,
       4.08259949e+002, 2.65357666e+002, 4.22358704e+002,
       2.98663940e+002, 3.32353241e+002, 1.83686600e+002,
       3.43644592e+002, 2.13185745e+002, 3.55494843e+002,
       2.43519623e+002, 3.68187042e+002, 2.74681396e+002,
       3.81404999e+002, 3.08646698e+002, 2.94090851e+002,
       1.91479782e+002, 3.04282440e+002, 2.20928940e+002,
       3.15320313e+002, 2.52181427e+002, 3.26829468e+002,
       2.84276184e+002, 3.39245117e+002, 3.18613251e+002,
       2.55069672e+002, 1.98927124e+002, 2.64362366e+002,
       2.28911789e+002, 2.74253387e+002, 2.61098846e+002,
       2.84783997e+002, 2.93614044e+002, 2.95903625e+002,
       3.28733154e+002, 2.15498016e+002, 2.06335052e+002,
       2.23743088e+002, 2.37034027e+002, 2.32580444e+002,
       2.69458038e+002, 2.41971878e+002, 3.02952728e+002,
       2.52066315e+002, 3.38823303e+002 ]
