%YAML:1.0
corners: !!opencv-matrix
   rows: 5
   cols: 5
   dt: "2f"
   data: [ 3.71456573e+002, 1.86617630e+002, 3.85401611e+002,
       2.12428467e+002, 4.00320648e+002, 2.39456329e+002,
       4.16191040e+002, 2.66956421e+002, 4.33164886e+002,
       2.97230408e+002, 3.33301025e+002, 1.96476395e+002,
       3.46137543e+002, 2.22947311e+002, 3.59735474e+002,
       2.50461334e+002, 3.74549591e+002, 2.78447052e+002,
       3.90334015e+002, 3.09465057e+002, 2.94028717e+002,
       2.06075699e+002, 3.05631561e+002, 2.32676758e+002,
       3.18286743e+002, 2.61083038e+002, 3.31551819e+002,
       2.90447937e+002, 3.46034698e+002, 3.22049408e+002,
       2.53860504e+002, 2.15475784e+002, 2.64414276e+002,
       2.42637802e+002, 2.75748871e+002, 2.72388123e+002,
       2.87782990e+002, 3.02201508e+002, 3.00747955e+002,
       3.35071411e+002, 2.13384232e+002, 2.24697586e+002,
       2.22491791e+002, 2.53045731e+002, 2.32507263e+002,
       2.82957672e+002, 2.43160889e+002, 3.13942535e+002,
       2.54735214e+002, 3.48198975e+002 ]
