%YAML:1.0
corners: !!opencv-matrix
   rows: 5
   cols: 5
   dt: "2f"
   data: [ 4.22424377e+002, 2.11236053e+002, 4.25335114e+002,
       2.46651642e+002, 4.28412720e+002, 2.83843414e+002,
       4.31246704e+002, 3.22178192e+002, 4.34340271e+002,
       3.62506104e+002, 3.82298950e+002, 2.15725540e+002,
       3.84279907e+002, 2.51370132e+002, 3.86211273e+002,
       2.88247131e+002, 3.87918457e+002, 3.26072052e+002,
       3.89892059e+002, 3.66208832e+002, 3.42188141e+002,
       2.20174515e+002, 3.42956177e+002, 2.55127411e+002,
       3.44130005e+002, 2.92063873e+002, 3.44672729e+002,
       3.29759094e+002, 3.45639160e+002, 3.69543701e+002,
       3.02441284e+002, 2.23874359e+002, 3.02482452e+002,
       2.58810242e+002, 3.02543701e+002, 2.95653748e+002,
       3.02226715e+002, 3.33170380e+002, 3.01914246e+002,
       3.72617920e+002, 2.63415924e+002, 2.27660034e+002,
       2.62519379e+002, 2.62489807e+002, 2.61596375e+002,
       2.98962921e+002, 2.60240204e+002, 3.36299377e+002,
       2.58845062e+002, 3.75508881e+002 ]
