%YAML:1.0
corners: !!opencv-matrix
   rows: 5
   cols: 5
   dt: "2f"
   data: [ 3.84287262e+002, 1.29449066e+002, 3.96610657e+002,
       1.55539124e+002, 4.09703613e+002, 1.82631836e+002,
       4.23674408e+002, 2.10421417e+002, 4.38255554e+002,
       2.40372284e+002, 3.48903229e+002, 1.36750381e+002,
       3.60637085e+002, 1.63398026e+002, 3.73008911e+002,
       1.90933136e+002, 3.86176178e+002, 2.18879059e+002,
       3.99908234e+002, 2.49506699e+002, 3.12841339e+002,
       1.44040009e+002, 3.23626770e+002, 1.70609406e+002,
       3.35257782e+002, 1.98915436e+002, 3.47397430e+002,
       2.27816269e+002, 3.60287872e+002, 2.58729279e+002,
       2.75925812e+002, 1.51083511e+002, 2.85979919e+002,
       1.78186874e+002, 2.96550812e+002, 2.07329483e+002,
       3.07824524e+002, 2.36614029e+002, 3.19706787e+002,
       2.68296143e+002, 2.38567535e+002, 1.57796875e+002,
       2.47609772e+002, 1.85683685e+002, 2.57358795e+002,
       2.15184189e+002, 2.67537872e+002, 2.45403107e+002,
       2.78461212e+002, 2.77666229e+002 ]
