%YAML:1.0
corners: !!opencv-matrix
   rows: 5
   cols: 5
   dt: "2f"
   data: [ 4.33569489e+002, 2.26986328e+002, 4.37293182e+002,
       2.56513824e+002, 4.41233063e+002, 2.87815643e+002,
       4.45213989e+002, 3.20098358e+002, 4.49409454e+002,
       3.55096802e+002, 3.95441345e+002, 2.31738159e+002,
       3.98223480e+002, 2.61478058e+002, 4.00784210e+002,
       2.92548492e+002, 4.03444000e+002, 3.24547638e+002,
       4.06434387e+002, 3.59647827e+002, 3.57317566e+002,
       2.36257004e+002, 3.58689880e+002, 2.65509979e+002,
       3.60367523e+002, 2.96807953e+002, 3.61744751e+002,
       3.29173309e+002, 3.63405121e+002, 3.64002594e+002,
       3.19373016e+002, 2.40099350e+002, 3.19780151e+002,
       2.69531647e+002, 3.20247894e+002, 3.00971436e+002,
       3.20377197e+002, 3.33317139e+002, 3.20692932e+002,
       3.67945618e+002, 2.81868347e+002, 2.43697159e+002,
       2.81077759e+002, 2.73309967e+002, 2.80479584e+002,
       3.04587006e+002, 2.79419403e+002, 3.37017792e+002,
       2.78610413e+002, 3.71713257e+002 ]
