%YAML:1.0
corners: !!opencv-matrix
   rows: 5
   cols: 5
   dt: "2f"
   data: [ 4.20980865e+002, 2.08549805e+002, 4.22706329e+002,
       2.40916138e+002, 4.24476135e+002, 2.75215088e+002,
       4.25693665e+002, 3.10903809e+002, 4.27059326e+002,
       3.49022644e+002, 3.83401184e+002, 2.19042862e+002,
       3.83968903e+002, 2.51144501e+002, 3.84078094e+002,
       2.84640411e+002, 3.83694794e+002, 3.19519012e+002,
       3.83633636e+002, 3.57234802e+002, 3.46262787e+002,
       2.28634033e+002, 3.45116913e+002, 2.59844604e+002,
       3.44330597e+002, 2.93311890e+002, 3.42507904e+002,
       3.27776917e+002, 3.40993164e+002, 3.64767822e+002,
       3.09604034e+002, 2.37188766e+002, 3.07574463e+002,
       2.68329224e+002, 3.05465485e+002, 3.01440857e+002,
       3.02479797e+002, 3.35399506e+002, 2.99854523e+002,
       3.71953400e+002, 2.74193665e+002, 2.45224731e+002,
       2.70916565e+002, 2.76143127e+002, 2.67756805e+002,
       3.08713379e+002, 2.63619080e+002, 3.42378082e+002,
       2.59734009e+002, 3.78498627e+002 ]
