%YAML:1.0
corners: !!opencv-matrix
   rows: 5
   cols: 5
   dt: "2f"
   data: [ 3.69069214e+002, 1.84465408e+002, 3.77139557e+002,
       2.14338760e+002, 3.85671112e+002, 2.45615860e+002,
       3.94846588e+002, 2.77924438e+002, 4.04439148e+002,
       3.12945648e+002, 3.30340668e+002, 1.89373260e+002,
       3.37429138e+002, 2.19690521e+002, 3.44893219e+002,
       2.51369553e+002, 3.53043732e+002, 2.83785492e+002,
       3.61490265e+002, 3.19339203e+002, 2.90960724e+002,
       1.94073410e+002, 2.96948547e+002, 2.24343094e+002,
       3.03422272e+002, 2.56529846e+002, 3.10276672e+002,
       2.89707581e+002, 3.17580505e+002, 3.25445099e+002,
       2.51144943e+002, 1.98322113e+002, 2.55981796e+002,
       2.29040421e+002, 2.61367676e+002, 2.61907532e+002,
       2.66920410e+002, 2.95479736e+002, 2.72964935e+002,
       3.31586273e+002, 2.10981476e+002, 2.02393051e+002,
       2.14649597e+002, 2.33603928e+002, 2.18781387e+002,
       2.66650116e+002, 2.23170456e+002, 3.01016144e+002,
       2.27938232e+002, 3.37716125e+002 ]
