%YAML:1.0
corners: !!opencv-matrix
   rows: 5
   cols: 5
   dt: "2f"
   data: [ 4.67775024e+002, 2.69256836e+002, 4.72906494e+002,
       3.01434631e+002, 4.78251831e+002, 3.35441193e+002,
       4.83642639e+002, 3.70688293e+002, 4.89523712e+002,
       4.08891479e+002, 4.27880951e+002, 2.74263214e+002,
       4.31742950e+002, 3.06586456e+002, 4.35792969e+002,
       3.40503662e+002, 4.40021057e+002, 3.75653595e+002,
       4.44367889e+002, 4.13884033e+002, 3.87946350e+002,
       2.78974548e+002, 3.90506104e+002, 3.11052917e+002,
       3.93275635e+002, 3.45287903e+002, 3.96092163e+002,
       3.80524475e+002, 3.99068909e+002, 4.18535675e+002,
       3.48152832e+002, 2.83325958e+002, 3.49551575e+002,
       3.15425110e+002, 3.51041138e+002, 3.49736267e+002,
       3.52506744e+002, 3.84966034e+002, 3.54159058e+002,
       4.22888428e+002, 3.08599976e+002, 2.87283386e+002,
       3.08828522e+002, 3.19473969e+002, 3.09217255e+002,
       3.53623962e+002, 3.09295715e+002, 3.89131073e+002,
       3.09586945e+002, 4.26892792e+002 ]
