%YAML:1.0
corners: !!opencv-matrix
   rows: 5
   cols: 5
   dt: "2f"
   data: [ 3.70228271e+002, 1.56175461e+002, 3.80969482e+002,
       1.87901047e+002, 3.92428467e+002, 2.21372391e+002,
       4.04259064e+002, 2.55994171e+002, 4.16715576e+002,
       2.92864960e+002, 3.30930847e+002, 1.70086807e+002,
       3.40702332e+002, 2.02064819e+002, 3.50632538e+002,
       2.35361771e+002, 3.61233215e+002, 2.69931580e+002,
       3.72410156e+002, 3.07174530e+002, 2.91436188e+002,
       1.83304993e+002, 2.99605804e+002, 2.14966476e+002,
       3.08629272e+002, 2.48802505e+002, 3.17686737e+002,
       2.83685913e+002, 3.27622040e+002, 3.20942108e+002,
       2.51670166e+002, 1.95732010e+002, 2.58916260e+002,
       2.27849838e+002, 2.66591705e+002, 2.61963409e+002,
       2.74445343e+002, 2.97042328e+002, 2.82974915e+002,
       3.34778992e+002, 2.12290649e+002, 2.07973160e+002,
       2.18216125e+002, 2.40423981e+002, 2.24710159e+002,
       2.74668365e+002, 2.31182526e+002, 3.10121033e+002,
       2.38384872e+002, 3.48070526e+002 ]
