%YAML:1.0
corners: !!opencv-matrix
   rows: 5
   cols: 5
   dt: "2f"
   data: [ 4.15620300e+002, 2.13882248e+002, 4.29494080e+002,
       2.44428909e+002, 4.44183289e+002, 2.76354950e+002,
       4.59804382e+002, 3.09204010e+002, 4.75941437e+002,
       3.44614136e+002, 3.77528137e+002, 2.22625259e+002,
       3.90612671e+002, 2.53761948e+002, 4.04440369e+002,
       2.86397980e+002, 4.19252563e+002, 3.19693848e+002,
       4.34542755e+002, 3.55758972e+002, 3.38466736e+002,
       2.31361359e+002, 3.50561981e+002, 2.62734924e+002,
       3.63535217e+002, 2.96269989e+002, 3.77237396e+002,
       3.30500610e+002, 3.91676208e+002, 3.67228485e+002,
       2.98492859e+002, 2.39751556e+002, 3.09680542e+002,
       2.71938385e+002, 3.21549408e+002, 3.06286011e+002,
       3.34328674e+002, 3.41163910e+002, 3.47633118e+002,
       3.78679993e+002, 2.57940948e+002, 2.48259888e+002,
       2.68175629e+002, 2.81159210e+002, 2.78906799e+002,
       3.15849426e+002, 2.90489349e+002, 3.51721893e+002,
       3.02822876e+002, 3.90193085e+002 ]
