%YAML:1.0
corners: !!opencv-matrix
   rows: 5
   cols: 5
   dt: "2f"
   data: [ 4.17272705e+002, 1.75255142e+002, 4.31500977e+002,
       2.02935883e+002, 4.46574158e+002, 2.32363037e+002,
       4.62359070e+002, 2.63098419e+002, 4.78908142e+002,
       2.95410950e+002, 3.80886353e+002, 1.83497772e+002,
       3.94665009e+002, 2.12001999e+002, 4.08767578e+002,
       2.41773132e+002, 4.24090820e+002, 2.73374176e+002,
       4.39639160e+002, 3.06546814e+002, 3.43771973e+002,
       1.91936478e+002, 3.56431946e+002, 2.21002151e+002,
       3.70125458e+002, 2.51641098e+002, 3.84296082e+002,
       2.83781769e+002, 3.99276398e+002, 3.17960083e+002,
       3.05803040e+002, 2.00590103e+002, 3.17759430e+002,
       2.30394577e+002, 3.30348572e+002, 2.61634338e+002,
       3.43624207e+002, 2.94604675e+002, 3.57753021e+002,
       3.29424622e+002, 2.67154572e+002, 2.09574173e+002,
       2.77988983e+002, 2.39880447e+002, 2.89649658e+002,
       2.71787109e+002, 3.02015778e+002, 3.05513947e+002,
       3.15142517e+002, 3.41069122e+002 ]
