%YAML:1.0
corners: !!opencv-matrix
   rows: 5
   cols: 5
   dt: "2f"
   data: [ 4.60807312e+002, 1.81637131e+002, 4.65985199e+002,
       2.08639893e+002, 4.71326050e+002, 2.37161499e+002,
       4.76885681e+002, 2.66400787e+002, 4.82651184e+002,
       2.98335358e+002, 4.24382904e+002, 1.86596024e+002,
       4.28462158e+002, 2.13775665e+002, 4.32681976e+002,
       2.42276520e+002, 4.36910980e+002, 2.71445557e+002,
       4.41532684e+002, 3.03363037e+002, 3.87798126e+002,
       1.91350983e+002, 3.90684570e+002, 2.18181870e+002,
       3.93833740e+002, 2.46918182e+002, 3.96967377e+002,
       2.76418427e+002, 4.00379913e+002, 3.08262909e+002,
       3.51190643e+002, 1.95638306e+002, 3.53067993e+002,
       2.22639465e+002, 3.55148743e+002, 2.51648941e+002,
       3.57022827e+002, 2.81102051e+002, 3.59264526e+002,
       3.12866272e+002, 3.14834137e+002, 1.99647049e+002,
       3.15772430e+002, 2.26822067e+002, 3.16684875e+002,
       2.55731323e+002, 3.17558197e+002, 2.85499207e+002,
       3.18511749e+002, 3.17450500e+002 ]
