%YAML:1.0
corners: !!opencv-matrix
   rows: 5
   cols: 5
   dt: "2f"
   data: [ 3.70158203e+002, 1.59123352e+002, 3.80923523e+002,
       1.93990692e+002, 3.92347778e+002, 2.30439926e+002,
       4.04355652e+002, 2.67503754e+002, 4.16749420e+002,
       3.06612915e+002, 3.29859680e+002, 1.66759659e+002,
       3.39981354e+002, 2.02450195e+002, 3.50586578e+002,
       2.39179672e+002, 3.61874390e+002, 2.76606140e+002,
       3.73515076e+002, 3.16254730e+002, 2.88900116e+002,
       1.74416855e+002, 2.98186462e+002, 2.10089127e+002,
       3.08088074e+002, 2.47446167e+002, 3.18412933e+002,
       2.85615662e+002, 3.29308502e+002, 3.25702881e+002,
       2.47269684e+002, 1.81766266e+002, 2.55651657e+002,
       2.18110809e+002, 2.64638947e+002, 2.56141693e+002,
       2.74142700e+002, 2.94678375e+002, 2.84191376e+002,
       3.35306763e+002, 2.05248428e+002, 1.89375748e+002,
       2.12713333e+002, 2.26100296e+002, 2.20768997e+002,
       2.64470856e+002, 2.29255157e+002, 3.03602570e+002,
       2.38258102e+002, 3.44800171e+002 ]
