%YAML:1.0
corners: !!opencv-matrix
   rows: 5
   cols: 5
   dt: "2f"
   data: [ 4.81495239e+002, 2.30221680e+002, 4.87819031e+002,
       2.59548065e+002, 4.94483673e+002, 2.91061249e+002,
       5.01454651e+002, 3.24058960e+002, 5.08679810e+002,
       3.59327240e+002, 4.43105286e+002, 2.35482925e+002,
       4.48274231e+002, 2.65222839e+002, 4.53628204e+002,
       2.96487000e+002, 4.59471222e+002, 3.29970123e+002,
       4.65478271e+002, 3.65350891e+002, 4.04588470e+002,
       2.40697021e+002, 4.08681152e+002, 2.70469147e+002,
       4.13007599e+002, 3.02204437e+002, 4.17403473e+002,
       3.35548676e+002, 4.22147858e+002, 3.71187744e+002,
       3.66356873e+002, 2.45869263e+002, 3.69269012e+002,
       2.75987213e+002, 3.72382233e+002, 3.07579468e+002,
       3.75594177e+002, 3.41218079e+002, 3.79039612e+002,
       3.76659729e+002, 3.28288788e+002, 2.51289734e+002,
       3.30076843e+002, 2.81240173e+002, 3.31890778e+002,
       3.12909149e+002, 3.33888794e+002, 3.46487457e+002,
       3.36083862e+002, 3.82279938e+002 ]
