%YAML:1.0
corners: !!opencv-matrix
   rows: 5
   cols: 5
   dt: "2f"
   data: [ 3.48886993e+002, 1.82649765e+002, 3.63758759e+002,
       2.10863434e+002, 3.79731171e+002, 2.40468384e+002,
       3.96517792e+002, 2.70633698e+002, 4.14224060e+002,
       3.03281464e+002, 3.11995911e+002, 1.93223969e+002,
       3.26440979e+002, 2.22239258e+002, 3.41429413e+002,
       2.52371368e+002, 3.57559753e+002, 2.83061859e+002,
       3.74255127e+002, 3.16533020e+002, 2.74240570e+002,
       2.03662720e+002, 2.87599945e+002, 2.32983902e+002,
       3.01833710e+002, 2.64095734e+002, 3.16983551e+002,
       2.95834625e+002, 3.33046295e+002, 3.29836212e+002,
       2.35471481e+002, 2.14207413e+002, 2.48155411e+002,
       2.44212234e+002, 2.61458191e+002, 2.76240326e+002,
       2.75635101e+002, 3.08620117e+002, 2.90619690e+002,
       3.43485138e+002, 1.96020676e+002, 2.24619110e+002,
       2.07659866e+002, 2.55399750e+002, 2.20109222e+002,
       2.87893585e+002, 2.33268143e+002, 3.21484924e+002,
       2.47344131e+002, 3.57338715e+002 ]
