%YAML:1.0
corners: !!opencv-matrix
   rows: 5
   cols: 5
   dt: "2f"
   data: [ 4.11423462e+002, 2.32047958e+002, 4.18071381e+002,
       2.61290009e+002, 4.25095886e+002, 2.92119080e+002,
       4.32289978e+002, 3.23901428e+002, 4.39960236e+002,
       3.58675873e+002, 3.73620789e+002, 2.39320679e+002,
       3.79251984e+002, 2.68794647e+002, 3.85089966e+002,
       2.99637634e+002, 3.90966797e+002, 3.31581573e+002,
       3.97449707e+002, 3.66461761e+002, 3.35626801e+002,
       2.46349319e+002, 3.40038940e+002, 2.75506714e+002,
       3.44672607e+002, 3.06907135e+002, 3.49428101e+002,
       3.39215637e+002, 3.54569336e+002, 3.73992981e+002,
       2.97715485e+002, 2.52809525e+002, 3.00997833e+002,
       2.82422363e+002, 3.04562408e+002, 3.13920654e+002,
       3.08027435e+002, 3.46398651e+002, 3.11870300e+002,
       3.81271301e+002, 2.60153320e+002, 2.59137024e+002,
       2.62319244e+002, 2.88964783e+002, 2.64606476e+002,
       3.20507019e+002, 2.66789185e+002, 3.53240356e+002,
       2.69430145e+002, 3.88335114e+002 ]
