%YAML:1.0
corners: !!opencv-matrix
   rows: 5
   cols: 5
   dt: "2f"
   data: [ 4.27428864e+002, 2.38173859e+002, 4.31775452e+002,
       2.65137787e+002, 4.36487122e+002, 2.93583771e+002,
       4.41293457e+002, 3.22922607e+002, 4.46416199e+002,
       3.55348907e+002, 3.88289734e+002, 2.44516525e+002,
       3.91401001e+002, 2.71660980e+002, 3.94539703e+002,
       3.00083862e+002, 3.97632996e+002, 3.29376373e+002,
       4.01102448e+002, 3.61799774e+002, 3.49083069e+002,
       2.50449066e+002, 3.50658813e+002, 2.77366821e+002,
       3.52472900e+002, 3.06064087e+002, 3.54067139e+002,
       3.35743744e+002, 3.55770447e+002, 3.68320740e+002,
       3.10203827e+002, 2.55753021e+002, 3.10457458e+002,
       2.82821869e+002, 3.10769653e+002, 3.12137970e+002,
       3.10768768e+002, 3.41878601e+002, 3.10953796e+002,
       3.74566986e+002, 2.71622498e+002, 2.60970734e+002,
       2.70613037e+002, 2.88367920e+002, 2.69600555e+002,
       3.17414856e+002, 2.68196747e+002, 3.47448517e+002,
       2.66884369e+002, 3.80688141e+002 ]
