%YAML:1.0
corners: !!opencv-matrix
   rows: 5
   cols: 5
   dt: "2f"
   data: [ 4.28125153e+002, 2.32590988e+002, 4.33300903e+002,
       2.70905823e+002, 4.38584717e+002, 3.10843689e+002,
       4.43965515e+002, 3.51571228e+002, 4.49496582e+002,
       3.94418121e+002, 3.86169312e+002, 2.37860367e+002,
       3.90454651e+002, 2.76477142e+002, 3.94756256e+002,
       3.16309937e+002, 3.99001587e+002, 3.56805664e+002,
       4.03524780e+002, 3.99468414e+002, 3.44264618e+002,
       2.43210083e+002, 3.47388824e+002, 2.81394043e+002,
       3.50748413e+002, 3.21403076e+002, 3.54154327e+002,
       3.62106445e+002, 3.57516754e+002, 4.04577209e+002,
       3.02462585e+002, 2.48088531e+002, 3.04779938e+002,
       2.86380920e+002, 3.07341095e+002, 3.26349762e+002,
       3.09580475e+002, 3.66833435e+002, 3.12147980e+002,
       4.09486053e+002, 2.61270844e+002, 2.52973129e+002,
       2.62747925e+002, 2.91243286e+002, 2.64412506e+002,
       3.30929260e+002, 2.65555969e+002, 3.71470093e+002,
       2.67188843e+002, 4.14180786e+002 ]
