%YAML:1.0
corners: !!opencv-matrix
   rows: 5
   cols: 5
   dt: "2f"
   data: [ 3.86260223e+002, 1.79082993e+002, 3.99299683e+002,
       2.16526062e+002, 4.12768250e+002, 2.55267151e+002,
       4.27402954e+002, 2.94283264e+002, 4.42308655e+002,
       3.35054779e+002, 3.45343811e+002, 1.87873276e+002,
       3.57733551e+002, 2.26302200e+002, 3.70735138e+002,
       2.65517090e+002, 3.84718964e+002, 3.05228302e+002,
       3.99228180e+002, 3.46530853e+002, 3.03369110e+002,
       1.96907074e+002, 3.15090515e+002, 2.35596420e+002,
       3.27502747e+002, 2.75670532e+002, 3.40629791e+002,
       3.16405365e+002, 3.54424591e+002, 3.58593781e+002,
       2.60362488e+002, 2.05823730e+002, 2.71555084e+002,
       2.45268906e+002, 2.83266327e+002, 2.86259583e+002,
       2.95623077e+002, 3.27575073e+002, 3.08548218e+002,
       3.70756073e+002, 2.16672821e+002, 2.15226746e+002,
       2.27108307e+002, 2.55256088e+002, 2.38073578e+002,
       2.96704132e+002, 2.49629776e+002, 3.38838593e+002,
       2.61841034e+002, 3.83059509e+002 ]
